Cota	Descarga(m3/s)
509.94	0
510.44	0
510.94	0
511.44	0
511.94	0
512.44	0
512.94	0
513.44	0
513.94	0
514.44	0
514.94	0
515.44	0
515.94	0
516.44	0
516.94	0
517.44	0
517.94	0
518.44	0
518.94	0
519.44	0
519.94	0
520.44	0
520.94	0
521.44	0
521.94	0
522.44	0
522.94	0
523.44	0
523.94	0
524.44	0
524.94	0
525.44	0
525.94	0
526.44	0
526.94	0
527.44	0
527.94	0
528.44	0
528.94	0
529.44	0
529.94	0
530.44	0
530.94	0
531.44	0
531.94	0
532.44	0
532.94	0
533.44	0
533.94	0
534.44	0
534.94	0
535.44	0
535.94	0
536.44	0
536.94	0
537.44	0
537.94	0
538.44	0
538.94	0
539.44	0
539.94	0
540.44	0
540.94	0
541.44	0
541.94	0
542.44	0
542.94	0
543.44	0
543.94	0
544.44	0
544.94	0
545.44	0
545.94	0
546.44	0
546.94	0
547.44	0
547.94	0
548.44	0
548.94	0
548.95	0
548.96	0
548.97	0
548.98	0
548.99	0
549	0
549.01	0
549.02	0
549.03	0
549.04	0
549.05	0
549.06	0
549.07	0
549.08	0
549.09	0
549.1	0
549.11	0
549.12	0
549.13	0
549.14	0
549.15	0
549.16	0
549.17	0
549.18	0
549.19	0
549.2	0
549.21	0.5
549.22	1.414213562
549.23	2.598076211
549.24	4
549.25	5.590169944
549.26	7.348469228
549.27	9.260129589
549.28	11.3137085
549.29	13.5
549.3	15.8113883
549.31	18.24143635
549.32	20.78460969
549.33	23.43608329
549.34	26.19160171
549.35	29.0473751
549.36	32
549.37	35.04639782
549.38	38.18376618
549.39	41.40953996
549.4	44.72135955
549.41	48.1170448
549.42	51.59457336
549.43	55.15206252
549.44	58.78775383
549.45	62.5
549.46	66.28725368
549.47	70.14805771
549.48	74.08103671
549.49	78.0848897
549.5	82.15838363
549.51	86.30034762
549.52	90.50966799
549.53	94.78528367
549.54	99.12618221
549.55	103.5313962
549.56	108
549.57	112.5311068
549.58	117.1238661
549.59	121.777461
549.6	126.4911064
549.61	131.2640469
549.62	136.0955547
549.63	140.9849283
549.64	145.9314908
549.65	150.9345885
549.66	155.9935896
549.67	161.1078831
549.68	166.2768775
549.69	171.5
549.7	176.7766953
549.71	182.1064249
549.72	187.4886663
549.73	192.9229121
549.74	198.4086692
549.75	203.9454584
549.76	209.5328137
549.77	215.1702814
549.78	220.8574201
549.79	226.5937996
549.8	232.3790008
549.81	238.2126151
549.82	244.0942441
549.83	250.0234989
549.84	256
549.85	262.0233768
549.86	268.0932674
549.87	274.2093179
549.88	280.3711825
549.89	286.5785233
549.9	292.8310093
549.91	299.1283169
549.92	305.4701295
549.93	311.8561367
549.94	318.2860349
549.95	324.7595264
549.96	331.2763197
549.97	337.8361289
549.98	344.4386738
549.99	351.0836795
550	357.7708764
550.01	364.5
550.02	371.2707907
550.03	378.0829935
550.04	384.9363584
550.05	391.8306394
550.06	398.7655953
550.07	405.7409888
550.08	412.7565869
550.09	419.8121604
550.1	426.9074841
550.11	434.0423366
550.12	441.2165001
550.13	448.4297604
550.14	455.6819066
550.15	462.9727314
550.16	470.3020306
550.17	477.6696034
550.18	485.0752519
550.19	492.5187814
550.2	500
550.21	507.5187189
550.22	515.0747519
550.23	522.6679156
550.24	530.2980294
550.25	537.9649152
550.26	545.6683975
550.27	553.4083032
550.28	561.1844617
550.29	568.9967047
550.3	576.8448665
550.31	584.7287833
550.32	592.6482937
550.33	600.6032384
550.34	608.5934604
550.35	616.6188044
550.36	624.6791176
550.37	632.7742488
550.38	640.904049
550.39	649.0683708
550.4	657.267069
550.41	665.5
550.42	673.767022
550.43	682.0679951
550.44	690.402781
550.45	698.771243
550.46	707.1732461
550.47	715.608657
550.48	724.0773439
550.49	732.5791766
550.5	741.1140263
550.51	749.6817658
550.52	758.2822693
550.53	766.9154125
550.54	775.5810725
550.55	784.2791276
550.56	793.0094577
550.57	801.7719439
550.58	810.5664686
550.59	819.3929155
550.6	828.2511696
550.61	837.1411171
550.62	846.0626454
550.63	855.0156431
550.64	864
550.65	873.015607
550.66	882.0623561
550.67	891.1401405
550.68	900.2488545
550.69	909.3883934
550.7	918.5586535
550.71	927.7595324
550.72	936.9909285
550.73	946.2527411
550.74	955.5448707
550.75	964.8672188
550.76	974.2196878
550.77	983.6021808
550.78	993.0146021
550.79	1002.456857
550.8	1011.928851
550.81	1021.430492
550.82	1030.961687
550.83	1040.522345
550.84	1050.112375
550.85	1059.731688
550.86	1069.380194
550.87	1079.057807
550.88	1088.764437
550.89	1098.5
550.9	1108.264409
550.91	1118.057579
550.92	1127.879426
550.93	1137.729867
550.94	1147.608818
550.95	1157.516199
550.96	1167.451926
550.97	1177.415921
550.98	1187.408102
550.99	1197.42839
551	1207.476708
551.01	1217.552976
551.02	1227.657118
551.03	1237.789057
551.04	1247.948717
551.05	1258.136022
551.06	1268.350898
551.07	1278.59327
551.08	1288.863065
551.09	1299.16021
551.1	1309.484631
551.11	1319.836259
551.12	1330.21502
551.13	1340.620845
551.14	1351.053663
551.15	1361.513404
551.16	1372
551.17	1382.513381
551.18	1393.053481
551.19	1403.62023
551.2	1414.213562
551.21	1424.833411
551.22	1435.479711
551.23	1446.152395
551.24	1456.851399
551.25	1467.576659
551.26	1478.32811
551.27	1489.105688
551.28	1499.909331
551.29	1510.738975
551.3	1521.594558
551.31	1532.476019
551.32	1543.383297
551.33	1554.316329
551.34	1565.275056
551.35	1576.259417
551.36	1587.269353
551.37	1598.304805
551.38	1609.365714
551.39	1620.45202
551.4	1631.563667
551.41	1642.700597
551.42	1653.862751
551.43	1665.050074
551.44	1676.262509
551.45	1687.5
551.46	1698.762491
551.47	1710.049926
551.48	1721.362251
551.49	1732.699411
551.5	1744.061352
551.51	1755.44802
551.52	1766.859361
551.53	1778.295321
551.54	1789.755849
551.55	1801.240892
551.56	1812.750396
551.57	1824.284312
551.58	1835.842586
551.59	1847.425168
551.6	1859.032006
551.61	1870.663051
551.62	1882.318252
551.63	1893.997558
551.64	1905.700921
551.65	1917.428291
551.66	1929.179618
551.67	1940.954855
551.68	1952.753953
551.69	1964.576863
551.7	1976.423538
551.71	1988.293929
551.72	2000.187991
551.73	2012.105676
551.74	2024.046936
551.75	2036.011726
551.76	2048
551.77	2060.011711
551.78	2072.046814
551.79	2084.105264
551.8	2096.187015
551.81	2108.292022
551.82	2120.420241
551.83	2132.571628
551.84	2144.746139
551.85	2156.943729
551.86	2169.164355
551.87	2181.407974
551.88	2193.674543
551.89	2205.964018
551.9	2218.276358
551.91	2230.611519
551.92	2242.96946
551.93	2255.350139
551.94	2267.753514
551.95	2280.179543
551.96	2292.628186
551.97	2305.099401
551.98	2317.593148
551.99	2330.109386
552	2342.648074
552.01	2355.209173
552.02	2367.792643
552.03	2380.398444
552.04	2393.026536
552.05	2405.67688
552.06	2418.349437
552.07	2431.044169
552.08	2443.761036
552.09	2456.5
552.1	2469.261023
552.11	2482.044067
552.12	2494.849094
552.13	2507.676066
552.14	2520.524945
552.15	2533.395696
552.16	2546.288279
552.17	2559.202659
552.18	2572.138799
552.19	2585.096662
552.2	2598.076211
552.21	2611.077412
552.22	2624.100227
552.23	2637.144621
552.24	2650.210558
552.25	2663.298002
552.26	2676.40692
552.27	2689.537274
552.28	2702.689031
552.29	2715.862156
552.3	2729.056614
552.31	2742.27237
552.32	2755.50939
552.33	2768.767641
552.34	2782.047088
552.35	2795.347698
552.36	2808.669436
552.37	2822.01227
552.38	2835.376166
552.39	2848.76109
552.4	2862.167011
552.41	2875.593895
552.42	2889.04171
552.43	2902.510422
552.44	2916
552.45	2929.510411
552.46	2943.041624
552.47	2956.593606
552.48	2970.166325
552.49	2983.759751
552.5	2997.373851
552.51	3011.008593
552.52	3024.663948
552.53	3038.339884
552.54	3052.036369
552.55	3065.753374
552.56	3079.490867
552.57	3093.248818
552.58	3107.027197
552.59	3120.825972
552.6	3134.645115
552.61	3148.484596
552.62	3162.344384
552.63	3176.224449
552.64	3190.124762
552.65	3204.045295
552.66	3217.986016
552.67	3231.946898
552.68	3245.92791
552.69	3259.929025
552.7	3273.950213
552.71	3287.991446
552.72	3302.052695
552.73	3316.133931
552.74	3330.235127
552.75	3344.356253
552.76	3358.497283
552.77	3372.658188
552.78	3386.838939
552.79	3401.03951
552.8	3415.259873
552.81	3429.5
552.82	3443.759864
552.83	3458.039437
552.84	3472.338693
552.85	3486.657604
552.86	3500.996144
552.87	3515.354285
552.88	3529.732001
552.89	3544.129265
552.9	3558.546051
552.91	3572.982333
552.92	3587.438083
552.93	3601.913276
552.94	3616.407886
552.95	3630.921887
552.96	3645.455253
552.97	3660.007958
552.98	3674.579976
552.99	3689.171282
553	3703.781851
553.01	3718.411657
553.02	3733.060675
553.03	3747.728879
553.04	3762.416245
553.05	3777.122748
553.06	3791.848362
553.07	3806.593063
553.08	3821.356827
553.09	3836.139629
553.1	3850.941443
553.11	3865.762247
553.12	3880.602015
553.13	3895.460724
553.14	3910.338349
553.15	3925.234866
553.16	3940.150251
553.17	3955.084481
553.18	3970.037531
553.19	3985.009379
553.2	4000
553.21	4015.009371
553.22	4030.037469
553.23	4045.08427
553.24	4060.149751
553.25	4075.233889
553.26	4090.336661
553.27	4105.458044
553.28	4120.598015
553.29	4135.756551
553.3	4150.93363
553.31	4166.129229
553.32	4181.343325
553.33	4196.575896
553.34	4211.82692
553.35	4227.096373
553.36	4242.384235
553.37	4257.690483
553.38	4273.015095
553.39	4288.358048
553.4	4303.719322
553.41	4319.098893
553.42	4334.496741
553.43	4349.912844
553.44	4365.34718
553.45	4380.799727
553.46	4396.270465
553.47	4411.759371
553.48	4427.266425
553.49	4442.791606
553.5	4458.334891
553.51	4473.896261
553.52	4489.475693
553.53	4505.073168
553.54	4520.688664
553.55	4536.322161
553.56	4551.973638
553.57	4567.643074
553.58	4583.330448
553.59	4599.035741
553.6	4614.758932
553.61	4630.5
553.62	4646.258925
553.63	4662.035687
553.64	4677.830266
553.65	4693.642642
553.66	4709.472794
553.67	4725.320703
553.68	4741.186349
553.69	4757.069713
553.7	4772.970773
553.71	4788.889511
553.72	4804.825907
553.73	4820.779942
553.74	4836.751596
553.75	4852.740849
553.76	4868.747683
553.77	4884.772078
553.78	4900.814014
553.79	4916.873473
553.8	4932.950436
553.81	4949.044883
553.82	4965.156795
553.83	4981.286154
553.84	4997.432941
553.85	5013.597137
553.86	5029.778723
553.87	5045.97768
553.88	5062.193991
553.89	5078.427636
553.9	5094.678596
553.91	5110.946855
553.92	5127.232392
553.93	5143.53519
553.94	5159.855231
553.95	5176.192495
553.96	5192.546967
553.97	5208.918626
553.98	5225.307455
553.99	5241.713436
554	5258.136552
554.01	5274.576784
554.02	5291.034114
554.03	5307.508526
554.04	5324
554.05	5340.50852
554.06	5357.034067
554.07	5373.576625
554.08	5390.136176
554.09	5406.712703
554.1	5423.306187
554.11	5439.916612
554.12	5456.543961
554.13	5473.188216
554.14	5489.84936
554.15	5506.527377
554.16	5523.222248
554.17	5539.933957
554.18	5556.662488
554.19	5573.407822
554.2	5590.169944
554.21	5606.948836
554.22	5623.744482
554.23	5640.556865
554.24	5657.385969
554.25	5674.231776
554.26	5691.094271
554.27	5707.973436
554.28	5724.869256
554.29	5741.781714
554.3	5758.710793
554.31	5775.656478
554.32	5792.618751
554.33	5809.597598
554.34	5826.593001
554.35	5843.604945
554.36	5860.633413
554.37	5877.678389
554.38	5894.739859
554.39	5911.817804
554.4	5928.912211
554.41	5946.023062
554.42	5963.150342
554.43	5980.294035
554.44	5997.454127
554.45	6014.6306
554.46	6031.823439
554.47	6049.032629
554.48	6066.258155
554.49	6083.5
554.5	6100.75815
554.51	6118.032588
554.52	6135.3233
554.53	6152.630271
554.54	6169.953484
554.55	6187.292926
554.56	6204.64858
554.57	6222.020431
554.58	6239.408466
554.59	6256.812667
554.6	6274.233021
554.61	6291.669512
554.62	6309.122126
554.63	6326.590847
554.64	6344.075662
554.65	6361.576554
554.66	6379.093509
554.67	6396.626513
554.68	6414.175551
554.69	6431.740608
554.7	6449.32167
554.71	6466.918721
554.72	6484.531749
554.73	6502.160737
554.74	6519.805672
554.75	6537.466539
554.76	6555.143324
554.77	6572.836013
554.78	6590.544591
554.79	6608.269043
554.8	6626.009357
554.81	6643.765517
554.82	6661.53751
554.83	6679.325321
554.84	6697.128937
554.85	6714.948343
554.86	6732.783525
554.87	6750.63447
554.88	6768.501163
554.89	6786.383591
554.9	6804.28174
554.91	6822.195596
554.92	6840.125145
554.93	6858.070374
554.94	6876.031268
554.95	6894.007815
554.96	6912
554.97	6930.00781
554.98	6948.031232
554.99	6966.070252
555	6984.124856
555.01	7002.195031
555.02	7020.280764
555.03	7038.382041
555.04	7056.498849
555.05	7074.631174
555.06	7092.779004
555.07	7110.942325
555.08	7129.121124
555.09	7147.315388
555.1	7165.525103
555.11	7183.750257
555.12	7201.990836
555.13	7220.246827
555.14	7238.518219
555.15	7256.804996
555.16	7275.107147
555.17	7293.424659
555.18	7311.757518
555.19	7330.105712
555.2	7348.469228
555.21	7366.848054
555.22	7385.242176
555.23	7403.651582
555.24	7422.076259
555.25	7440.516195
555.26	7458.971377
555.27	7477.441792
555.28	7495.927428
555.29	7514.428272
555.3	7532.944311
555.31	7551.475535
555.32	7570.021929
555.33	7588.583481
555.34	7607.16018
555.35	7625.752012
555.36	7644.358966
555.37	7662.981029
555.38	7681.618189
555.39	7700.270434
555.4	7718.937751
555.41	7737.620128
555.42	7756.317554
555.43	7775.030016
555.44	7793.757502
555.45	7812.5
555.46	7831.257498
555.47	7850.029984
555.48	7868.817446
555.49	7887.619872
555.5	7906.437251
555.51	7925.26957
555.52	7944.116817
555.53	7962.978981
555.54	7981.85605
555.55	8000.748012
555.56	8019.654855
555.57	8038.576569
555.58	8057.51314
555.59	8076.464558
555.6	8095.43081
555.61	8114.411886
555.62	8133.407773
555.63	8152.41846
555.64	8171.443936
555.65	8190.484189
555.66	8209.539208
555.67	8228.60898
555.68	8247.693496
555.69	8266.792743
555.7	8285.90671
555.71	8305.035385
555.72	8324.178758
555.73	8343.336817
555.74	8362.509552
555.75	8381.696949
555.76	8400.899
555.77	8420.115691
555.78	8439.347013
555.79	8458.592953
555.8	8477.853502
555.81	8497.128647
555.82	8516.418379
555.83	8535.722685
555.84	8555.041555
555.85	8574.374977
555.86	8593.722942
555.87	8613.085437
555.88	8632.462453
555.89	8651.853978
555.9	8671.260001
555.91	8690.680511
555.92	8710.115499
555.93	8729.564952
555.94	8749.02886
555.95	8768.507213
555.96	8788
555.97	8807.50721
555.98	8827.028832
555.99	8846.564856
556	8866.115271
556.01	8885.680067
556.02	8905.259233
556.03	8924.852758
556.04	8944.460632
556.05	8964.082845
556.06	8983.719386
556.07	9003.370244
556.08	9023.035409
556.09	9042.714872
556.1	9062.40862
556.11	9082.116645
556.12	9101.838935
556.13	9121.575481
556.14	9141.326271
556.15	9161.091297
556.16	9180.870547
556.17	9200.664011
556.18	9220.47168
556.19	9240.293542
556.2	9260.129589
556.21	9279.979809
556.22	9299.844192
556.23	9319.722729
556.24	9339.61541
556.25	9359.522223
556.26	9379.44316
556.27	9399.378211
556.28	9419.327365
556.29	9439.290612
556.3	9459.267942
556.31	9479.259346
556.32	9499.264814
556.33	9519.284335
556.34	9539.3179
556.35	9559.365499
556.36	9579.427123
556.37	9599.502761
556.38	9619.592403
556.39	9639.69604
556.4	9659.813663
556.41	9679.945261
556.42	9700.090824
556.43	9720.250344
556.44	9740.42381
556.45	9760.611213
556.46	9780.812543
556.47	9801.02779
556.48	9821.256946
556.49	9841.5
556.5	9861.756943
556.51	9882.027765
556.52	9902.312457
556.53	9922.61101
556.54	9942.923413
556.55	9963.249658
556.56	9983.589735
556.57	10003.94363
556.58	10024.31135
556.59	10044.69286
556.6	10065.08818
556.61	10085.49727
556.62	10105.92015
556.63	10126.35679
556.64	10146.80718
556.65	10167.27133
556.66	10187.74921
556.67	10208.24083
556.68	10228.74616
556.69	10249.26521
556.7	10269.79795
556.71	10290.34439
556.72	10310.90452
556.73	10331.47832
556.74	10352.06578
556.75	10372.66691
556.76	10393.28168
556.77	10413.91008
556.78	10434.55212
556.79	10455.20778
556.8	10475.87705
556.81	10496.55992
556.82	10517.25639
556.83	10537.96644
556.84	10558.69007
556.85	10579.42726
556.86	10600.17802
556.87	10620.94232
556.88	10641.72016
556.89	10662.51154
556.9	10683.31643
556.91	10704.13484
556.92	10724.96676
556.93	10745.81217
556.94	10766.67107
556.95	10787.54345
556.96	10808.4293
556.97	10829.32861
556.98	10850.24138
556.99	10871.16759
557	10892.10723
557.01	10913.06031
557.02	10934.0268
557.03	10955.0067
557.04	10976
557.05	10997.0067
557.06	11018.02677
557.07	11039.06023
557.08	11060.10705
557.09	11081.16723
557.1	11102.24076
557.11	11123.32764
557.12	11144.42785
557.13	11165.54138
557.14	11186.66823
557.15	11207.80838
557.16	11228.96184
557.17	11250.12859
557.18	11271.30862
557.19	11292.50193
557.2	11313.7085
557.21	11334.92833
557.22	11356.16141
557.23	11377.40773
557.24	11398.66729
557.25	11419.94007
557.26	11441.22607
557.27	11462.52528
557.28	11483.83769
557.29	11505.16329
557.3	11526.50207
557.31	11547.85403
557.32	11569.21916
557.33	11590.59745
557.34	11611.98889
557.35	11633.39348
557.36	11654.8112
557.37	11676.24204
557.38	11697.68601
557.39	11719.14309
557.4	11740.61327
557.41	11762.09655
557.42	11783.59292
557.43	11805.10236
557.44	11826.62488
557.45	11848.16046
557.46	11869.7091
557.47	11891.27078
557.48	11912.8455
557.49	11934.43326
557.5	11956.03404
557.51	11977.64784
557.52	11999.27464
557.53	12020.91445
557.54	12042.56725
557.55	12064.23304
557.56	12085.9118
557.57	12107.60353
557.58	12129.30822
557.59	12151.02587
557.6	12172.75647
557.61	12194.5
557.62	12216.25646
557.63	12238.02585
557.64	12259.80816
557.65	12281.60337
557.66	12303.41148
557.67	12325.23248
557.68	12347.06637
557.69	12368.91314
557.7	12390.77278
557.71	12412.64528
557.72	12434.53063
557.73	12456.42883
557.74	12478.33987
557.75	12500.26375
557.76	12522.20045
557.77	12544.14996
557.78	12566.11229
557.79	12588.08741
557.8	12610.07534
557.81	12632.07605
557.82	12654.08954
557.83	12676.1158
557.84	12698.15483
557.85	12720.20661
557.86	12742.27115
557.87	12764.34843
557.88	12786.43844
557.89	12808.54118
557.9	12830.65665
557.91	12852.78482
557.92	12874.92571
557.93	12897.07929
557.94	12919.24557
557.95	12941.42453
557.96	12963.61616
557.97	12985.82047
557.98	13008.03744
557.99	13030.26706
558	13052.50934
558.01	13074.76425
558.02	13097.0318
558.03	13119.31198
558.04	13141.60477
558.05	13163.91018
558.06	13186.22819
558.07	13208.55881
558.08	13230.90201
558.09	13253.2578
558.1	13275.62616
558.11	13298.0071
558.12	13320.40059
558.13	13342.80665
558.14	13365.22525
558.15	13387.65639
558.16	13410.10007
558.17	13432.55628
558.18	13455.02501
558.19	13477.50625
558.2	13500
558.21	13522.50625
558.22	13545.02499
558.23	13567.55622
558.24	13590.09993
558.25	13612.65611
558.26	13635.22475
558.27	13657.80585
558.28	13680.39941
558.29	13703.00541
558.3	13725.62385
558.31	13748.25472
558.32	13770.89801
558.33	13793.55372
558.34	13816.22184
558.35	13838.90237
558.36	13861.59529
558.37	13884.3006
558.38	13907.0183
558.39	13929.74837
558.4	13952.49082
558.41	13975.24562
558.42	13998.01279
558.43	14020.7923
558.44	14043.58416
558.45	14066.38835
558.46	14089.20487
558.47	14112.03372
558.48	14134.87488
558.49	14157.72836
558.5	14180.59413
558.51	14203.47221
558.52	14226.36257
558.53	14249.26522
558.54	14272.18014
558.55	14295.10734
558.56	14318.04679
558.57	14340.99851
558.58	14363.96248
558.59	14386.93869
558.6	14409.92713
558.61	14432.92781
558.62	14455.94072
558.63	14478.96584
558.64	14502.00317
558.65	14525.05271
558.66	14548.11445
558.67	14571.18838
558.68	14594.27449
558.69	14617.37279
558.7	14640.48326
558.71	14663.60589
558.72	14686.74069
558.73	14709.88764
558.74	14733.04673
558.75	14756.21797
558.76	14779.40134
558.77	14802.59684
558.78	14825.80446
558.79	14849.0242
558.8	14872.25605
558.81	14895.5
558.82	14918.75605
558.83	14942.02419
558.84	14965.30441
558.85	14988.59671
558.86	15011.90108
558.87	15035.21752
558.88	15058.54601
558.89	15081.88656
558.9	15105.23916
558.91	15128.60379
558.92	15151.98046
558.93	15175.36916
558.94	15198.76988
558.95	15222.18262
558.96	15245.60737
558.97	15269.04412
558.98	15292.49286
558.99	15315.9536
559	15339.42633
559.01	15362.91103
559.02	15386.4077
559.03	15409.91634
559.04	15433.43695
559.05	15456.9695
559.06	15480.51401
559.07	15504.07046
559.08	15527.63884
559.09	15551.21916
559.1	15574.8114
559.11	15598.41555
559.12	15622.03162
559.13	15645.6596
559.14	15669.29947
559.15	15692.95124
559.16	15716.6149
559.17	15740.29044
559.18	15763.97786
559.19	15787.67715
559.2	15811.3883
559.21	15835.11131
559.22	15858.84617
559.23	15882.59288
559.24	15906.35144
559.25	15930.12182
559.26	15953.90404
559.27	15977.69807
559.28	16001.50393
559.29	16025.3216
559.3	16049.15107
559.31	16072.99234
559.32	16096.84541
559.33	16120.71026
559.34	16144.58689
559.35	16168.47531
559.36	16192.37549
559.37	16216.28744
559.38	16240.21114
559.39	16264.1466
559.4	16288.09381
559.41	16312.05276
559.42	16336.02345
559.43	16360.00586
559.44	16384
559.45	16408.00586
559.46	16432.02343
559.47	16456.05271
559.48	16480.09369
559.49	16504.14637
559.5	16528.21073
559.51	16552.28678
559.52	16576.37451
559.53	16600.47392
559.54	16624.58499
559.55	16648.70772
559.56	16672.84211
559.57	16696.98815
559.58	16721.14583
559.59	16745.31516
559.6	16769.49612
559.61	16793.6887
559.62	16817.89291
559.63	16842.10874
559.64	16866.33618
559.65	16890.57522
559.66	16914.82586
559.67	16939.0881
559.68	16963.36193
559.69	16987.64734
559.7	17011.94433
559.71	17036.2529
559.72	17060.57303
559.73	17084.90472
559.74	17109.24797
559.75	17133.60277
559.76	17157.96911
559.77	17182.34699
559.78	17206.73641
559.79	17231.13736
559.8	17255.54983
559.81	17279.97382
559.82	17304.40932
559.83	17328.85633
559.84	17353.31484
559.85	17377.78485
559.86	17402.26635
559.87	17426.75933
559.88	17451.26379
559.89	17475.77973
559.9	17500.30714
559.91	17524.84601
559.92	17549.39634
559.93	17573.95813
559.94	17598.53136
559.95	17623.11603
559.96	17647.71215
559.97	17672.31969
559.98	17696.93866
559.99	17721.56905
560	17746.21086
560.01	17770.86408
560.02	17795.52871
560.03	17820.20473
560.04	17844.89215
560.05	17869.59096
560.06	17894.30116
560.07	17919.02273
560.08	17943.75568
560.09	17968.5
560.1	17993.25568
560.11	18018.02272
560.12	18042.80111
560.13	18067.59085
560.14	18092.39194
560.15	18117.20436
560.16	18142.02811
560.17	18166.86319
560.18	18191.7096
560.19	18216.56732
560.2	18241.43635
560.21	18266.31669
560.22	18291.20833
560.23	18316.11126
560.24	18341.02549
560.25	18365.951
560.26	18390.8878
560.27	18415.83587
560.28	18440.79521
560.29	18465.76582
560.3	18490.74769
560.31	18515.74081
560.32	18540.74518
560.33	18565.7608
560.34	18590.78766
560.35	18615.82576
560.36	18640.87509
560.37	18665.93564
560.38	18691.00741
560.39	18716.0904
560.4	18741.18459
560.41	18766.29
560.42	18791.4066
560.43	18816.5344
560.44	18841.67339
560.45	18866.82356
560.46	18891.98491
560.47	18917.15744
560.48	18942.34114
560.49	18967.53601
560.5	18992.74203
560.51	19017.95922
560.52	19043.18755
560.53	19068.42703
560.54	19093.67764
560.55	19118.9394
560.56	19144.21228
560.57	19169.4963
560.58	19194.79143
560.59	19220.09768
560.6	19245.41504
560.61	19270.74351
560.62	19296.08307
560.63	19321.43374
560.64	19346.7955
560.65	19372.16834
560.66	19397.55227
560.67	19422.94727
560.68	19448.35335
560.69	19473.77049
560.7	19499.1987
560.71	19524.63797
560.72	19550.08829
560.73	19575.54965
560.74	19601.02207
560.75	19626.50552
560.76	19652
560.77	19677.50551
560.78	19703.02205
560.79	19728.54961
560.8	19754.08818
560.81	19779.63777
560.82	19805.19836
560.83	19830.76995
560.84	19856.35254
560.85	19881.94611
560.86	19907.55068
560.87	19933.16622
560.88	19958.79275
560.89	19984.43025
560.9	20010.07871
560.91	20035.73814
560.92	20061.40852
560.93	20087.08987
560.94	20112.78215
560.95	20138.48539
560.96	20164.19956
560.97	20189.92467
560.98	20215.66071
560.99	20241.40768
561	20267.16556
561.01	20292.93437
561.02	20318.71408
561.03	20344.50471
561.04	20370.30623
561.05	20396.11866
561.06	20421.94197
561.07	20447.77618
561.08	20473.62127
561.09	20499.47724
561.1	20525.34409
561.11	20551.22181
561.12	20577.11039
561.13	20603.00983
561.14	20628.92014
561.15	20654.84129
561.16	20680.77329
561.17	20706.71614
561.18	20732.66982
561.19	20758.63434
561.2	20784.60969
561.21	20810.59586
561.22	20836.59286
561.23	20862.60067
561.24	20888.61929
561.25	20914.64872
561.26	20940.68896
561.27	20966.73999
561.28	20992.80181
561.29	21018.87443
561.3	21044.95783
561.31	21071.05201
561.32	21097.15696
561.33	21123.27269
561.34	21149.39919
561.35	21175.53645
561.36	21201.68446
561.37	21227.84323
561.38	21254.01275
561.39	21280.19301
561.4	21306.38402
561.41	21332.58576
561.42	21358.79823
561.43	21385.02143
561.44	21411.25536
561.45	21437.5
561.46	21463.75536
561.47	21490.02142
561.48	21516.29819
561.49	21542.58567
561.5	21568.88384
561.51	21595.1927
561.52	21621.51225
561.53	21647.84248
561.54	21674.1834
561.55	21700.53499
561.56	21726.89725
561.57	21753.27017
561.58	21779.65376
561.59	21806.04801
561.6	21832.45291
561.61	21858.86846
561.62	21885.29465
561.63	21911.73149
561.64	21938.17896
561.65	21964.63706
561.66	21991.10579
561.67	22017.58515
561.68	22044.07512
561.69	22070.57571
561.7	22097.08691
561.71	22123.60872
561.72	22150.14113
561.73	22176.68414
561.74	22203.23774
561.75	22229.80193
561.76	22256.3767
561.77	22282.96206
561.78	22309.558
561.79	22336.1645
561.8	22362.78158
561.81	22389.40922
561.82	22416.04742
561.83	22442.69618
561.84	22469.35549
561.85	22496.02534
561.86	22522.70574
561.87	22549.39668
561.88	22576.09816
561.89	22602.81016
561.9	22629.5327
561.91	22656.26575
561.92	22683.00932
561.93	22709.76341
561.94	22736.52801
561.95	22763.30312
561.96	22790.08872
561.97	22816.88483
561.98	22843.69143
561.99	22870.50852
562	22897.33609
562.01	22924.17415
562.02	22951.02268
562.03	22977.88169
562.04	23004.75116
562.05	23031.6311
562.06	23058.52151
562.07	23085.42236
562.08	23112.33368
562.09	23139.25544
562.1	23166.18764
562.11	23193.13029
562.12	23220.08338
562.13	23247.04689
562.14	23274.02084
562.15	23301.00521
562.16	23328
562.17	23355.00521
562.18	23382.02083
562.19	23409.04686
562.2	23436.08329
562.21	23463.13012
562.22	23490.18736
562.23	23517.25498
562.24	23544.33299
562.25	23571.42139
562.26	23598.52017
562.27	23625.62932
562.28	23652.74885
562.29	23679.87874
562.3	23707.019
562.31	23734.16962
562.32	23761.3306
562.33	23788.50193
562.34	23815.68361
562.35	23842.87564
562.36	23870.07801
562.37	23897.29071
562.38	23924.51375
562.39	23951.74711
562.4	23978.9908
562.41	24006.24482
562.42	24033.50915
562.43	24060.78379
562.44	24088.06875
562.45	24115.36401
562.46	24142.66957
562.47	24169.98543
562.48	24197.31159
562.49	24224.64803
562.5	24251.99476
562.51	24279.35178
562.52	24306.71907
562.53	24334.09664
562.54	24361.48448
562.55	24388.88259
562.56	24416.29096
562.57	24443.70958
562.58	24471.13847
562.59	24498.57761
562.6	24526.02699
562.61	24553.48662
562.62	24580.95649
562.63	24608.4366
562.64	24635.92694
562.65	24663.4275
562.66	24690.9383
562.67	24718.45931
562.68	24745.99054
562.69	24773.53199
562.7	24801.08365
562.71	24828.64551
562.72	24856.21757
562.73	24883.79984
562.74	24911.39229
562.75	24938.99494
562.76	24966.60778
562.77	24994.2308
562.78	25021.864
562.79	25049.50738
562.8	25077.16092
562.81	25104.82464
562.82	25132.49852
562.83	25160.18257
562.84	25187.87677
562.85	25215.58112
562.86	25243.29562
562.87	25271.02028
562.88	25298.75507
562.89	25326.5
562.9	25354.25507
562.91	25382.02027
562.92	25409.79559
562.93	25437.58104
562.94	25465.37661
562.95	25493.1823
562.96	25520.9981
562.97	25548.82401
562.98	25576.66002
562.99	25604.50614
563	25632.36236
563.01	25660.22867
563.02	25688.10507
563.03	25715.99156
563.04	25743.88813
563.05	25771.79478
563.06	25799.71151
563.07	25827.63831
563.08	25855.57518
563.09	25883.52212
563.1	25911.47912
563.11	25939.44617
563.12	25967.42328
563.13	25995.41045
563.14	26023.40766
563.15	26051.41491
563.16	26079.4322
563.17	26107.45953
563.18	26135.4969
563.19	26163.54429
563.2	26191.60171
563.21	26219.66915
563.22	26247.74661
563.23	26275.83408
563.24	26303.93157
563.25	26332.03906
563.26	26360.15656
563.27	26388.28406
563.28	26416.42156
563.29	26444.56905
563.3	26472.72653
563.31	26500.894
563.32	26529.07145
563.33	26557.25888
563.34	26585.45629
563.35	26613.66367
563.36	26641.88101
563.37	26670.10833
563.38	26698.3456
563.39	26726.59284
563.4	26754.85003
563.41	26783.11717
563.42	26811.39426
563.43	26839.68129
563.44	26867.97826
563.45	26896.28518
563.46	26924.60202
563.47	26952.9288
563.48	26981.2655
563.49	27009.61213
563.5	27037.96867
563.51	27066.33514
563.52	27094.71151
563.53	27123.0978
563.54	27151.49399
563.55	27179.90009
563.56	27208.31608
563.57	27236.74197
563.58	27265.17775
563.59	27293.62343
563.6	27322.07898
563.61	27350.54442
563.62	27379.01974
563.63	27407.50493
563.64	27436
563.65	27464.50493
563.66	27493.01973
563.67	27521.54439
563.68	27550.07891
563.69	27578.62328
563.7	27607.17751
563.71	27635.74158
563.72	27664.3155
563.73	27692.89926
563.74	27721.49285
563.75	27750.09628
563.76	27778.70955
563.77	27807.33263
563.78	27835.96555
563.79	27864.60828
563.8	27893.26083
563.81	27921.9232
563.82	27950.59538
563.83	27979.27736
563.84	28007.96915
563.85	28036.67074
563.86	28065.38213
563.87	28094.10331
563.88	28122.83428
563.89	28151.57504
563.9	28180.32558
563.91	28209.08591
563.92	28237.85601
563.93	28266.63588
563.94	28295.42553
563.95	28324.22495
563.96	28353.03412
563.97	28381.85306
563.98	28410.68176
563.99	28439.52021
564	28468.36841
564.01	28497.22636
564.02	28526.09405
564.03	28554.97149
564.04	28583.85866
564.05	28612.75557
564.06	28641.66221
564.07	28670.57857
564.08	28699.50466
564.09	28728.44048
564.1	28757.38601
564.11	28786.34125
564.12	28815.30621
564.13	28844.28088
564.14	28873.26525
564.15	28902.25932
564.16	28931.26309
564.17	28960.27656
564.18	28989.29972
564.19	29018.33256
564.2	29047.3751
564.21	29076.42731
564.22	29105.48921
564.23	29134.56078
564.24	29163.64202
564.25	29192.73294
564.26	29221.83352
564.27	29250.94376
564.28	29280.06366
564.29	29309.19322
564.3	29338.33243
564.31	29367.4813
564.32	29396.63981
564.33	29425.80796
564.34	29454.98576
564.35	29484.17319
564.36	29513.37026
564.37	29542.57696
564.38	29571.79328
564.39	29601.01923
564.4	29630.25481
564.41	29659.5
564.42	29688.75481
564.43	29718.01923
564.44	29747.29326
564.45	29776.57689
564.46	29805.87013
564.47	29835.17296
564.48	29864.4854
564.49	29893.80742
564.5	29923.13904
564.51	29952.48024
564.52	29981.83103
564.53	30011.1914
564.54	30040.56135
564.55	30069.94087
564.56	30099.32996
564.57	30128.72862
564.58	30158.13685
564.59	30187.55463
564.6	30216.98198
564.61	30246.41888
564.62	30275.86534
564.63	30305.32134
564.64	30334.7869
564.65	30364.26199
564.66	30393.74663
564.67	30423.2408
564.68	30452.74451
564.69	30482.25775
564.7	30511.78051
564.71	30541.3128
564.72	30570.85462
564.73	30600.40595
564.74	30629.9668
564.75	30659.53716
564.76	30689.11703
564.77	30718.70641
564.78	30748.30529
564.79	30777.91367
564.8	30807.53155
564.81	30837.15892
564.82	30866.79578
564.83	30896.44214
564.84	30926.09798
564.85	30955.7633
564.86	30985.4381
564.87	31015.12237
564.88	31044.81612
564.89	31074.51934
564.9	31104.23203
564.91	31133.95418
564.92	31163.68579
564.93	31193.42686
564.94	31223.17738
564.95	31252.93736
564.96	31282.70679
564.97	31312.48566
564.98	31342.27398
564.99	31372.07173
565	31401.87892
565.01	31431.69555
565.02	31461.52161
565.03	31491.3571
565.04	31521.20201
565.05	31551.05634
565.06	31580.92009
565.07	31610.79326
565.08	31640.67585
565.09	31670.56784
565.1	31700.46924
565.11	31730.38004
565.12	31760.30025
565.13	31790.22986
565.14	31820.16886
565.15	31850.11725
565.16	31880.07503
565.17	31910.0422
565.18	31940.01875
565.19	31970.00469
565.2	32000
565.21	32030.00469
565.22	32060.01875
565.23	32090.04217
565.24	32120.07497
565.25	32150.11713
565.26	32180.16864
565.27	32210.22952
565.28	32240.29975
565.29	32270.37933
565.3	32300.46826
565.31	32330.56654
565.32	32360.67416
565.33	32390.79112
565.34	32420.91741
565.35	32451.05305
565.36	32481.19801
565.37	32511.3523
565.38	32541.51591
565.39	32571.68885
565.4	32601.87111
565.41	32632.06269
565.42	32662.26358
565.43	32692.47378
565.44	32722.69329
565.45	32752.9221
565.46	32783.16022
565.47	32813.40764
565.48	32843.66435
565.49	32873.93036
565.5	32904.20566
565.51	32934.49025
565.52	32964.78412
565.53	32995.08727
565.54	33025.39971
565.55	33055.72142
565.56	33086.05241
565.57	33116.39267
565.58	33146.74219
565.59	33177.10098
565.6	33207.46904
565.61	33237.84635
565.62	33268.23293
565.63	33298.62875
565.64	33329.03383
565.65	33359.44816
565.66	33389.87173
565.67	33420.30454
565.68	33450.7466
565.69	33481.19789
565.7	33511.65842
565.71	33542.12818
565.72	33572.60717
565.73	33603.09538
565.74	33633.59282
565.75	33664.09948
565.76	33694.61536
565.77	33725.14045
565.78	33755.67475
565.79	33786.21827
565.8	33816.77099
565.81	33847.33291
565.82	33877.90404
565.83	33908.48436
565.84	33939.07388
565.85	33969.6726
565.86	34000.2805
565.87	34030.89759
565.88	34061.52386
565.89	34092.15932
565.9	34122.80396
565.91	34153.45777
565.92	34184.12076
565.93	34214.79292
565.94	34245.47424
565.95	34276.16473
565.96	34306.86439
565.97	34337.5732
565.98	34368.29117
565.99	34399.0183
566	34429.75457
566.01	34460.5
566.02	34491.25457
566.03	34522.01829
566.04	34552.79115
566.05	34583.57314
566.06	34614.36427
566.07	34645.16454
566.08	34675.97393
566.09	34706.79245
566.1	34737.6201
566.11	34768.45686
566.12	34799.30275
566.13	34830.15776
566.14	34861.02187
566.15	34891.8951
566.16	34922.77744
566.17	34953.66888
566.18	34984.56943
566.19	35015.47907
566.2	35046.39782
566.21	35077.32566
566.22	35108.26259
566.23	35139.20861
566.24	35170.16372
566.25	35201.12791
566.26	35232.10119
566.27	35263.08354
566.28	35294.07497
566.29	35325.07547
566.3	35356.08505
566.31	35387.10369
566.32	35418.1314
566.33	35449.16817
566.34	35480.21401
566.35	35511.2689
566.36	35542.33284
566.37	35573.40584
566.38	35604.48789
566.39	35635.57899
566.4	35666.67913
566.41	35697.78831
566.42	35728.90653
566.43	35760.03379
566.44	35791.17008
566.45	35822.31541
566.46	35853.46976
566.47	35884.63314
566.48	35915.80555
566.49	35946.98697
566.5	35978.17741
566.51	36009.37687
566.52	36040.58534
566.53	36071.80283
566.54	36103.02932
566.55	36134.26482
566.56	36165.50931
566.57	36196.76281
566.58	36228.02531
566.59	36259.2968
566.6	36290.57729
566.61	36321.86676
566.62	36353.16523
566.63	36384.47267
566.64	36415.7891
566.65	36447.11451
566.66	36478.4489
566.67	36509.79226
566.68	36541.14459
566.69	36572.50589
566.7	36603.87616
566.71	36635.25539
566.72	36666.64359
566.73	36698.04074
566.74	36729.44685
566.75	36760.86192
566.76	36792.28593
566.77	36823.71889
566.78	36855.16081
566.79	36886.61166
566.8	36918.07146
566.81	36949.54019
566.82	36981.01786
566.83	37012.50446
566.84	37044
566.85	37075.50446
566.86	37107.01785
566.87	37138.54017
566.88	37170.0714
566.89	37201.61155
566.9	37233.16062
566.91	37264.71861
566.92	37296.2855
566.93	37327.8613
566.94	37359.44601
566.95	37391.03962
566.96	37422.64213
566.97	37454.25354
566.98	37485.87385
566.99	37517.50305
567	37549.14114
567.01	37580.78811
567.02	37612.44398
567.03	37644.10873
567.04	37675.78235
567.05	37707.46486
567.06	37739.15624
567.07	37770.8565
567.08	37802.56563
567.09	37834.28362
567.1	37866.01048
567.11	37897.74621
567.12	37929.4908
567.13	37961.24424
567.14	37993.00654
567.15	38024.77769
567.16	38056.5577
567.17	38088.34655
567.18	38120.14425
567.19	38151.9508
567.2	38183.76618
567.21	38215.59041
567.22	38247.42347
567.23	38279.26536
567.24	38311.11609
567.25	38342.97564
567.26	38374.84403
567.27	38406.72123
567.28	38438.60726
567.29	38470.50211
567.3	38502.40577
567.31	38534.31825
567.32	38566.23954
567.33	38598.16964
567.34	38630.10854
567.35	38662.05625
567.36	38694.01277
567.37	38725.97808
567.38	38757.95219
567.39	38789.9351
567.4	38821.92679
567.41	38853.92728
567.42	38885.93656
567.43	38917.95462
567.44	38949.98146
567.45	38982.01709
567.46	39014.06149
567.47	39046.11467
567.48	39078.17662
567.49	39110.24734
567.5	39142.32683
567.51	39174.41509
567.52	39206.51211
567.53	39238.61789
567.54	39270.73244
567.55	39302.85573
567.56	39334.98778
567.57	39367.12859
567.58	39399.27814
567.59	39431.43644
567.6	39463.60348
567.61	39495.77927
567.62	39527.9638
567.63	39560.15706
567.64	39592.35906
567.65	39624.56979
567.66	39656.78925
567.67	39689.01745
567.68	39721.25436
567.69	39753.5
567.7	39785.75436
567.71	39818.01744
567.72	39850.28923
567.73	39882.56974
567.74	39914.85896
567.75	39947.15689
567.76	39979.46353
567.77	40011.77887
567.78	40044.10291
567.79	40076.43565
567.8	40108.77709
567.81	40141.12723
567.82	40173.48606
567.83	40205.85358
567.84	40238.22978
567.85	40270.61467
567.86	40303.00825
567.87	40335.41051
567.88	40367.82144
567.89	40400.24105
567.9	40432.66934
567.91	40465.1063
567.92	40497.55193
567.93	40530.00622
567.94	40562.46918
567.95	40594.9408
567.96	40627.42108
567.97	40659.91003
567.98	40692.40762
567.99	40724.91387
568	40757.42877
568.01	40789.95232
568.02	40822.48452
568.03	40855.02535
568.04	40887.57484
568.05	40920.13296
568.06	40952.69972
568.07	40985.27511
568.08	41017.85913
568.09	41050.45179
568.1	41083.05308
568.11	41115.66299
568.12	41148.28152
568.13	41180.90867
568.14	41213.54445
568.15	41246.18884
568.16	41278.84184
568.17	41311.50346
568.18	41344.17369
568.19	41376.85252
568.2	41409.53996
568.21	41442.23601
568.22	41474.94065
568.23	41507.65389
568.24	41540.37573
568.25	41573.10617
568.26	41605.84519
568.27	41638.5928
568.28	41671.34901
568.29	41704.11379
568.3	41736.88716
568.31	41769.66911
568.32	41802.45964
568.33	41835.25874
568.34	41868.06642
568.35	41900.88267
568.36	41933.70749
568.37	41966.54088
568.38	41999.38283
568.39	42032.23334
568.4	42065.09242
568.41	42097.96005
568.42	42130.83624
568.43	42163.72098
568.44	42196.61427
568.45	42229.51611
568.46	42262.4265
568.47	42295.34544
568.48	42328.27292
568.49	42361.20893
568.5	42394.15349
568.51	42427.10658
568.52	42460.06821
568.53	42493.03836
568.54	42526.01705
568.55	42559.00426
568.56	42592
568.57	42625.00426
568.58	42658.01704
568.59	42691.03834
568.6	42724.06816
568.61	42757.10649
568.62	42790.15333
568.63	42823.20868
568.64	42856.27254
568.65	42889.3449
568.66	42922.42577
568.67	42955.51514
568.68	42988.613
568.69	43021.71937
568.7	43054.83422
568.71	43087.95757
568.72	43121.08941
568.73	43154.22974
568.74	43187.37855
568.75	43220.53585
568.76	43253.70162
568.77	43286.87588
568.78	43320.05861
568.79	43353.24982
568.8	43386.4495
568.81	43419.65765
568.82	43452.87427
568.83	43486.09935
568.84	43519.3329
568.85	43552.57491
568.86	43585.82538
568.87	43619.08431
568.88	43652.35169
568.89	43685.62752
568.9	43718.91181
568.91	43752.20455
568.92	43785.50573
568.93	43818.81536
568.94	43852.13343
568.95	43885.45994
568.96	43918.79488
568.97	43952.13827
568.98	43985.49008
568.99	44018.85033
569	44052.21901
569.01	44085.59612
569.02	44118.98165
569.03	44152.37561
569.04	44185.77798
569.05	44219.18878
569.06	44252.60799
569.07	44286.03562
569.08	44319.47166
569.09	44352.91611
569.1	44386.36897
569.11	44419.83023
569.12	44453.2999
569.13	44486.77797
569.14	44520.26444
569.15	44553.75931
569.16	44587.26258
569.17	44620.77423
569.18	44654.29428
569.19	44687.82272
569.2	44721.35955
569.21	44754.90476
569.22	44788.45836
569.23	44822.02033
569.24	44855.59069
569.25	44889.16942
569.26	44922.75653
569.27	44956.35201
569.28	44989.95586
569.29	45023.56808
569.3	45057.18866
569.31	45090.81761
569.32	45124.45492
569.33	45158.10059
569.34	45191.75462
569.35	45225.41701
569.36	45259.08775
569.37	45292.76684
569.38	45326.45428
569.39	45360.15007
569.4	45393.85421
569.41	45427.56669
569.42	45461.28751
569.43	45495.01667
569.44	45528.75417
569.45	45562.5
569.46	45596.25417
569.47	45630.01666
569.48	45663.78749
569.49	45697.56664
569.5	45731.35412
569.51	45765.14993
569.52	45798.95405
569.53	45832.76649
569.54	45866.58725
569.55	45900.41632
569.56	45934.25371
569.57	45968.09941
569.58	46001.95342
569.59	46035.81573
569.6	46069.68635
569.61	46103.56527
569.62	46137.45249
569.63	46171.34801
569.64	46205.25182
569.65	46239.16393
569.66	46273.08434
569.67	46307.01303
569.68	46340.95001
569.69	46374.89528
569.7	46408.84883
569.71	46442.81067
569.72	46476.78078
569.73	46510.75918
569.74	46544.74585
569.75	46578.74079
569.76	46612.74401
569.77	46646.7555
569.78	46680.77525
569.79	46714.80327
569.8	46748.83956
569.81	46782.88411
569.82	46816.93691
569.83	46850.99798
569.84	46885.0673
569.85	46919.14488
569.86	46953.23071
569.87	46987.32479
569.88	47021.42712
569.89	47055.53769
569.9	47089.65651
569.91	47123.78357
569.92	47157.91887
569.93	47192.06241
569.94	47226.21418
569.95	47260.37419
569.96	47294.54243
569.97	47328.71891
569.98	47362.90361
569.99	47397.09653
570	47431.29768
570.01	47465.50706
570.02	47499.72465
570.03	47533.95046
570.04	47568.18449
570.05	47602.42674
570.06	47636.67719
570.07	47670.93586
570.08	47705.20274
570.09	47739.47782
570.1	47773.7611
570.11	47808.05259
570.12	47842.35228
570.13	47876.66017
570.14	47910.97626
570.15	47945.30054
570.16	47979.63301
570.17	48013.97368
570.18	48048.32253
570.19	48082.67957
570.2	48117.0448
570.21	48151.41821
570.22	48185.7998
570.23	48220.18957
570.24	48254.58751
570.25	48288.99363
570.26	48323.40793
570.27	48357.8304
570.28	48392.26103
570.29	48426.69984
570.3	48461.14681
570.31	48495.60194
570.32	48530.06524
570.33	48564.53669
570.34	48599.01631
570.35	48633.50408
570.36	48668
570.37	48702.50408
570.38	48737.0163
570.39	48771.53668
570.4	48806.0652
570.41	48840.60186
570.42	48875.14667
570.43	48909.69962
570.44	48944.26071
570.45	48978.82993
570.46	49013.40729
570.47	49047.99278
570.48	49082.5864
570.49	49117.18815
570.5	49151.79803
570.51	49186.41604
570.52	49221.04217
570.53	49255.67642
570.54	49290.31879
570.55	49324.96927
570.56	49359.62788
570.57	49394.29459
570.58	49428.96942
570.59	49463.65236
570.6	49498.34341
570.61	49533.04256
570.62	49567.74982
570.63	49602.46518
570.64	49637.18864
570.65	49671.9202
570.66	49706.65986
570.67	49741.40761
570.68	49776.16345
570.69	49810.92739
570.7	49845.69941
570.71	49880.47953
570.72	49915.26772
570.73	49950.06401
570.74	49984.86837
570.75	50019.68081
570.76	50054.50134
570.77	50089.32993
570.78	50124.16661
570.79	50159.01135
570.8	50193.86417
570.81	50228.72505
570.82	50263.594
570.83	50298.47102
570.84	50333.3561
570.85	50368.24924
570.86	50403.15044
570.87	50438.05969
570.88	50472.97701
570.89	50507.90237
570.9	50542.83579
570.91	50577.77726
570.92	50612.72678
570.93	50647.68434
570.94	50682.64995
570.95	50717.6236
570.96	50752.60529
570.97	50787.59502
570.98	50822.59279
570.99	50857.59859
571	50892.61243
571.01	50927.6343
571.02	50962.6642
571.03	50997.70212
571.04	51032.74807
571.05	51067.80205
571.06	51102.86405
571.07	51137.93407
571.08	51173.01211
571.09	51208.09816
571.1	51243.19223
571.11	51278.29431
571.12	51313.40441
571.13	51348.52251
571.14	51383.64862
571.15	51418.78274
571.16	51453.92486
571.17	51489.07499
571.18	51524.23311
571.19	51559.39924
571.2	51594.57336
571.21	51629.75547
571.22	51664.94558
571.23	51700.14368
571.24	51735.34977
571.25	51770.56385
571.26	51805.78591
571.27	51841.01596
571.28	51876.25399
571.29	51911.5
571.3	51946.75399
571.31	51982.01596
571.32	52017.2859
571.33	52052.56381
571.34	52087.8497
571.35	52123.14355
571.36	52158.44538
571.37	52193.75517
571.38	52229.07292
571.39	52264.39864
571.4	52299.73231
571.41	52335.07395
571.42	52370.42354
571.43	52405.78109
571.44	52441.14659
571.45	52476.52005
571.46	52511.90145
571.47	52547.2908
571.48	52582.6881
571.49	52618.09334
571.5	52653.50653
571.51	52688.92766
571.52	52724.35672
571.53	52759.79373
571.54	52795.23867
571.55	52830.69154
571.56	52866.15235
571.57	52901.62108
571.58	52937.09775
571.59	52972.58234
571.6	53008.07486
571.61	53043.5753
571.62	53079.08366
571.63	53114.59994
571.64	53150.12414
571.65	53185.65625
571.66	53221.19628
571.67	53256.74423
571.68	53292.30008
571.69	53327.86384
571.7	53363.43552
571.71	53399.01509
571.72	53434.60257
571.73	53470.19795
571.74	53505.80124
571.75	53541.41242
571.76	53577.0315
571.77	53612.65847
571.78	53648.29334
571.79	53683.9361
571.8	53719.58674
571.81	53755.24528
571.82	53790.9117
571.83	53826.58601
571.84	53862.2682
571.85	53897.95828
571.86	53933.65623
571.87	53969.36206
571.88	54005.07576
571.89	54040.79734
571.9	54076.52679
571.91	54112.26412
571.92	54148.00931
571.93	54183.76237
571.94	54219.52329
571.95	54255.29208
571.96	54291.06873
571.97	54326.85324
571.98	54362.64561
571.99	54398.44584
572	54434.25392
572.01	54470.06986
572.02	54505.89364
572.03	54541.72528
572.04	54577.56477
572.05	54613.4121
572.06	54649.26728
572.07	54685.1303
572.08	54721.00116
572.09	54756.87986
572.1	54792.7664
572.11	54828.66078
572.12	54864.56299
572.13	54900.47303
572.14	54936.39091
572.15	54972.31661
572.16	55008.25014
572.17	55044.1915
572.18	55080.14069
572.19	55116.09769
572.2	55152.06252
572.21	55188.03516
572.22	55224.01563
572.23	55260.00391
572.24	55296
572.25	55332.00391
572.26	55368.01562
572.27	55404.03515
572.28	55440.06248
572.29	55476.09762
572.3	55512.14056
572.31	55548.19131
572.32	55584.24986
572.33	55620.3162
572.34	55656.39034
572.35	55692.47228
572.36	55728.56201
572.37	55764.65954
572.38	55800.76485
572.39	55836.87795
572.4	55872.99885
572.41	55909.12752
572.42	55945.26398
572.43	55981.40822
572.44	56017.56025
572.45	56053.72005
572.46	56089.88763
572.47	56126.06298
572.48	56162.24611
572.49	56198.43701
572.5	56234.63568
572.51	56270.84212
572.52	56307.05633
572.53	56343.2783
572.54	56379.50803
572.55	56415.74553
572.56	56451.99079
572.57	56488.24381
572.58	56524.50458
572.59	56560.77311
572.6	56597.04939
572.61	56633.33343
572.62	56669.62521
572.63	56705.92475
572.64	56742.23203
572.65	56778.54706
572.66	56814.86983
572.67	56851.20035
572.68	56887.5386
572.69	56923.88459
572.7	56960.23832
572.71	56996.59979
572.72	57032.96899
572.73	57069.34592
572.74	57105.73059
572.75	57142.12298
572.76	57178.5231
572.77	57214.93095
572.78	57251.34652
572.79	57287.76981
572.8	57324.20082
572.81	57360.63956
572.82	57397.08601
572.83	57433.54017
572.84	57470.00205
572.85	57506.47165
572.86	57542.94895
572.87	57579.43397
572.88	57615.92669
572.89	57652.42711
572.9	57688.93525
572.91	57725.45108
572.92	57761.97462
572.93	57798.50586
572.94	57835.04479
572.95	57871.59142
572.96	57908.14575
572.97	57944.70777
572.98	57981.27748
572.99	58017.85488
573	58054.43997
573.01	58091.03274
573.02	58127.6332
573.03	58164.24135
573.04	58200.85718
573.05	58237.48068
573.06	58274.11187
573.07	58310.75073
573.08	58347.39727
573.09	58384.05148
573.1	58420.71336
573.11	58457.38292
573.12	58494.06014
573.13	58530.74503
573.14	58567.43759
573.15	58604.13781
573.16	58640.8457
573.17	58677.56124
573.18	58714.28445
573.19	58751.01531
573.2	58787.75383
573.21	58824.5
573.22	58861.25383
573.23	58898.0153
573.24	58934.78443
573.25	58971.56121
573.26	59008.34563
573.27	59045.1377
573.28	59081.93741
573.29	59118.74476
573.3	59155.55976
573.31	59192.38239
573.32	59229.21266
573.33	59266.05056
573.34	59302.8961
573.35	59339.74927
573.36	59376.61008
573.37	59413.47851
573.38	59450.35457
573.39	59487.23825
573.4	59524.12956
