Cota	Volume (1000m3)
509.94	0
510.44	1
510.94	2
511.44	8
511.94	26
512.44	65
512.94	151
513.44	353
513.94	802
514.44	1545
514.94	2554
515.44	3814
515.94	5299
516.44	6978
516.94	8811
517.44	10777
517.94	12894
518.44	15197
518.94	17806
519.44	20847
519.94	24472
520.44	28911
520.94	34283
521.44	40649
521.94	48116
522.44	56555
522.94	66117
523.44	76951
523.94	89081
524.44	102508
524.94	117230
525.44	133185
525.94	150277
526.44	168671
526.94	188731
527.44	210584
527.94	234219
528.44	259401
528.94	286152
529.44	314525
529.94	344635
530.44	376712
530.94	410601
531.44	446392
531.94	484377
532.44	524537
532.94	567112
533.44	612365
533.94	660354
534.44	711218
534.94	765324
535.44	822907
535.94	883939
536.44	948608
536.94	1016794
537.44	1088334
537.94	1163377
538.44	1242009
538.94	1324227
539.44	1410164
539.94	1499932
540.44	1593514
540.94	1690821
541.44	1791868
541.94	1896711
542.44	2005382
542.94	2118018
543.44	2234740
543.94	2355595
544.44	2480538
544.94	2609548
545.44	2742717
545.94	2880100
546.44	3021743
546.94	3167666
547.44	3317888
547.94	3472430
548.44	3631283
548.94	3794492
548.95	3797802
548.96	3801114
548.97	3804427
548.98	3807742
548.99	3811059
549	3814377
549.01	3817698
549.02	3821020
549.03	3824345
549.04	3827671
549.05	3830998
549.06	3834327
549.07	3837659
549.08	3840992
549.09	3844327
549.1	3847664
549.11	3851002
549.12	3854343
549.13	3857685
549.14	3861030
549.15	3864376
549.16	3867723
549.17	3871073
549.18	3874424
549.19	3877777
549.2	3881132
549.21	3884489
549.22	3887848
549.23	3891208
549.24	3894571
549.25	3897934
549.26	3901300
549.27	3904668
549.28	3908037
549.29	3911409
549.3	3914782
549.31	3918157
549.32	3921534
549.33	3924912
549.34	3928292
549.35	3931675
549.36	3935059
549.37	3938445
549.38	3941832
549.39	3945221
549.4	3948612
549.41	3952005
549.42	3955399
549.43	3958796
549.44	3962194
549.45	3965594
549.46	3968996
549.47	3972400
549.48	3975806
549.49	3979214
549.5	3982623
549.51	3986035
549.52	3989448
549.53	3992863
549.54	3996280
549.55	3999699
549.56	4003119
549.57	4006542
549.58	4009966
549.59	4013392
549.6	4016820
549.61	4020250
549.62	4023682
549.63	4027116
549.64	4030552
549.65	4033989
549.66	4037428
549.67	4040869
549.68	4044312
549.69	4047756
549.7	4051203
549.71	4054652
549.72	4058102
549.73	4061555
549.74	4065009
549.75	4068465
549.76	4071923
549.77	4075384
549.78	4078846
549.79	4082309
549.8	4085775
549.81	4089243
549.82	4092712
549.83	4096184
549.84	4099657
549.85	4103132
549.86	4106610
549.87	4110089
549.88	4113570
549.89	4117053
549.9	4120538
549.91	4124024
549.92	4127513
549.93	4131003
549.94	4134496
549.95	4137990
549.96	4141486
549.97	4144985
549.98	4148485
549.99	4151987
550	4155491
550.01	4158998
550.02	4162506
550.03	4166016
550.04	4169528
550.05	4173042
550.06	4176558
550.07	4180076
550.08	4183595
550.09	4187117
550.1	4190640
550.11	4194165
550.12	4197693
550.13	4201222
550.14	4204754
550.15	4208287
550.16	4211822
550.17	4215360
550.18	4218899
550.19	4222440
550.2	4225983
550.21	4229528
550.22	4233075
550.23	4236624
550.24	4240175
550.25	4243727
550.26	4247282
550.27	4250839
550.28	4254398
550.29	4257959
550.3	4261521
550.31	4265086
550.32	4268653
550.33	4272222
550.34	4275792
550.35	4279365
550.36	4282939
550.37	4286516
550.38	4290094
550.39	4293674
550.4	4297257
550.41	4300842
550.42	4304429
550.43	4308017
550.44	4311608
550.45	4315200
550.46	4318795
550.47	4322391
550.48	4325990
550.49	4329590
550.5	4333193
550.51	4336797
550.52	4340404
550.53	4344013
550.54	4347624
550.55	4351236
550.56	4354851
550.57	4358467
550.58	4362086
550.59	4365707
550.6	4369329
550.61	4372954
550.62	4376580
550.63	4380209
550.64	4383840
550.65	4387472
550.66	4391107
550.67	4394743
550.68	4398382
550.69	4402022
550.7	4405665
550.71	4409310
550.72	4412956
550.73	4416604
550.74	4420255
550.75	4423908
550.76	4427562
550.77	4431219
550.78	4434878
550.79	4438538
550.8	4442201
550.81	4445865
550.82	4449532
550.83	4453201
550.84	4456871
550.85	4460544
550.86	4464219
550.87	4467897
550.88	4471575
550.89	4475257
550.9	4478940
550.91	4482625
550.92	4486312
550.93	4490001
550.94	4493692
550.95	4497385
550.96	4501080
550.97	4504777
550.98	4508475
550.99	4512176
551	4515879
551.01	4519584
551.02	4523291
551.03	4527000
551.04	4530711
551.05	4534425
551.06	4538140
551.07	4541857
551.08	4545577
551.09	4549298
551.1	4553022
551.11	4556747
551.12	4560475
551.13	4564204
551.14	4567935
551.15	4571669
551.16	4575404
551.17	4579142
551.18	4582882
551.19	4586623
551.2	4590367
551.21	4594113
551.22	4597860
551.23	4601610
551.24	4605362
551.25	4609116
551.26	4612872
551.27	4616629
551.28	4620389
551.29	4624151
551.3	4627916
551.31	4631682
551.32	4635450
551.33	4639220
551.34	4642992
551.35	4646766
551.36	4650542
551.37	4654320
551.38	4658100
551.39	4661883
551.4	4665667
551.41	4669453
551.42	4673242
551.43	4677032
551.44	4680825
551.45	4684619
551.46	4688416
551.47	4692214
551.48	4696015
551.49	4699817
551.5	4703622
551.51	4707429
551.52	4711238
551.53	4715050
551.54	4718862
551.55	4722678
551.56	4726495
551.57	4730314
551.58	4734135
551.59	4737959
551.6	4741785
551.61	4745612
551.62	4749441
551.63	4753273
551.64	4757107
551.65	4760943
551.66	4764781
551.67	4768620
551.68	4772463
551.69	4776307
551.7	4780153
551.71	4784001
551.72	4787852
551.73	4791705
551.74	4795559
551.75	4799416
551.76	4803275
551.77	4807136
551.78	4810999
551.79	4814864
551.8	4818731
551.81	4822600
551.82	4826471
551.83	4830345
551.84	4834220
551.85	4838098
551.86	4841977
551.87	4845859
551.88	4849743
551.89	4853628
551.9	4857516
551.91	4861406
551.92	4865299
551.93	4869193
551.94	4873089
551.95	4876988
551.96	4880888
551.97	4884791
551.98	4888696
551.99	4892603
552	4896511
552.01	4900422
552.02	4904335
552.03	4908250
552.04	4912167
552.05	4916086
552.06	4920007
552.07	4923930
552.08	4927856
552.09	4931784
552.1	4935713
552.11	4939645
552.12	4943578
552.13	4947514
552.14	4951452
552.15	4955392
552.16	4959335
552.17	4963279
552.18	4967226
552.19	4971174
552.2	4975125
552.21	4979077
552.22	4983032
552.23	4986988
552.24	4990947
552.25	4994908
552.26	4998871
552.27	5002837
552.28	5006804
552.29	5010774
552.3	5014745
552.31	5018720
552.32	5022695
552.33	5026673
552.34	5030653
552.35	5034635
552.36	5038619
552.37	5042606
552.38	5046594
552.39	5050585
552.4	5054578
552.41	5058573
552.42	5062570
552.43	5066570
552.44	5070571
552.45	5074575
552.46	5078580
552.47	5082588
552.48	5086599
552.49	5090611
552.5	5094625
552.51	5098642
552.52	5102660
552.53	5106681
552.54	5110704
552.55	5114730
552.56	5118757
552.57	5122786
552.58	5126818
552.59	5130852
552.6	5134888
552.61	5138926
552.62	5142966
552.63	5147009
552.64	5151053
552.65	5155100
552.66	5159148
552.67	5163199
552.68	5167253
552.69	5171308
552.7	5175366
552.71	5179426
552.72	5183487
552.73	5187552
552.74	5191618
552.75	5195687
552.76	5199758
552.77	5203831
552.78	5207906
552.79	5211983
552.8	5216063
552.81	5220145
552.82	5224229
552.83	5228314
552.84	5232403
552.85	5236494
552.86	5240586
552.87	5244681
552.88	5248779
552.89	5252878
552.9	5256980
552.91	5261084
552.92	5265190
552.93	5269299
552.94	5273409
552.95	5277522
552.96	5281637
552.97	5285754
552.98	5289873
552.99	5293996
553	5298120
553.01	5302246
553.02	5306374
553.03	5310505
553.04	5314638
553.05	5318773
553.06	5322910
553.07	5327049
553.08	5331190
553.09	5335334
553.1	5339481
553.11	5343629
553.12	5347780
553.13	5351933
553.14	5356088
553.15	5360246
553.16	5364405
553.17	5368567
553.18	5372731
553.19	5376898
553.2	5381067
553.21	5385237
553.22	5389411
553.23	5393586
553.24	5397764
553.25	5401944
553.26	5406126
553.27	5410310
553.28	5414497
553.29	5418687
553.3	5422878
553.31	5427072
553.32	5431268
553.33	5435466
553.34	5439666
553.35	5443869
553.36	5448074
553.37	5452281
553.38	5456490
553.39	5460702
553.4	5464916
553.41	5469132
553.42	5473351
553.43	5477572
553.44	5481795
553.45	5486020
553.46	5490248
553.47	5494478
553.48	5498710
553.49	5502944
553.5	5507181
553.51	5511420
553.52	5515661
553.53	5519904
553.54	5524150
553.55	5528398
553.56	5532648
553.57	5536900
553.58	5541155
553.59	5545412
553.6	5549672
553.61	5553933
553.62	5558197
553.63	5562463
553.64	5566731
553.65	5571001
553.66	5575274
553.67	5579549
553.68	5583827
553.69	5588106
553.7	5592388
553.71	5596672
553.72	5600959
553.73	5605247
553.74	5609538
553.75	5613832
553.76	5618127
553.77	5622425
553.78	5626725
553.79	5631028
553.8	5635332
553.81	5639639
553.82	5643948
553.83	5648260
553.84	5652573
553.85	5656890
553.86	5661208
553.87	5665529
553.88	5669852
553.89	5674177
553.9	5678505
553.91	5682835
553.92	5687167
553.93	5691502
553.94	5695839
553.95	5700178
553.96	5704520
553.97	5708864
553.98	5713210
553.99	5717558
554	5721909
554.01	5726262
554.02	5730617
554.03	5734974
554.04	5739334
554.05	5743696
554.06	5748060
554.07	5752427
554.08	5756796
554.09	5761167
554.1	5765540
554.11	5769916
554.12	5774294
554.13	5778674
554.14	5783057
554.15	5787442
554.16	5791829
554.17	5796219
554.18	5800610
554.19	5805004
554.2	5809400
554.21	5813799
554.22	5818200
554.23	5822603
554.24	5827009
554.25	5831416
554.26	5835826
554.27	5840238
554.28	5844653
554.29	5849070
554.3	5853489
554.31	5857910
554.32	5862334
554.33	5866760
554.34	5871189
554.35	5875620
554.36	5880052
554.37	5884487
554.38	5888925
554.39	5893364
554.4	5897806
554.41	5902249
554.42	5906695
554.43	5911144
554.44	5915595
554.45	5920048
554.46	5924503
554.47	5928961
554.48	5933421
554.49	5937883
554.5	5942347
554.51	5946814
554.52	5951283
554.53	5955755
554.54	5960228
554.55	5964704
554.56	5969182
554.57	5973663
554.58	5978146
554.59	5982631
554.6	5987118
554.61	5991608
554.62	5996100
554.63	6000594
554.64	6005091
554.65	6009589
554.66	6014090
554.67	6018593
554.68	6023099
554.69	6027606
554.7	6032116
554.71	6036629
554.72	6041144
554.73	6045661
554.74	6050180
554.75	6054702
554.76	6059226
554.77	6063752
554.78	6068281
554.79	6072812
554.8	6077345
554.81	6081881
554.82	6086418
554.83	6090958
554.84	6095501
554.85	6100045
554.86	6104592
554.87	6109142
554.88	6113693
554.89	6118247
554.9	6122803
554.91	6127361
554.92	6131921
554.93	6136484
554.94	6141049
554.95	6145617
554.96	6150187
554.97	6154759
554.98	6159333
554.99	6163909
555	6168488
555.01	6173069
555.02	6177653
555.03	6182239
555.04	6186827
555.05	6191417
555.06	6196010
555.07	6200604
555.08	6205202
555.09	6209801
555.1	6214403
555.11	6219007
555.12	6223614
555.13	6228223
555.14	6232834
555.15	6237448
555.16	6242064
555.17	6246682
555.18	6251303
555.19	6255926
555.2	6260551
555.21	6265179
555.22	6269809
555.23	6274441
555.24	6279075
555.25	6283712
555.26	6288352
555.27	6292994
555.28	6297637
555.29	6302284
555.3	6306932
555.31	6311583
555.32	6316236
555.33	6320892
555.34	6325550
555.35	6330210
555.36	6334873
555.37	6339538
555.38	6344205
555.39	6348875
555.4	6353547
555.41	6358221
555.42	6362898
555.43	6367577
555.44	6372259
555.45	6376943
555.46	6381629
555.47	6386317
555.48	6391008
555.49	6395701
555.5	6400396
555.51	6405094
555.52	6409794
555.53	6414497
555.54	6419202
555.55	6423910
555.56	6428619
555.57	6433331
555.58	6438045
555.59	6442762
555.6	6447481
555.61	6452202
555.62	6456926
555.63	6461652
555.64	6466380
555.65	6471111
555.66	6475845
555.67	6480580
555.68	6485319
555.69	6490059
555.7	6494801
555.71	6499546
555.72	6504293
555.73	6509043
555.74	6513795
555.75	6518549
555.76	6523306
555.77	6528065
555.78	6532827
555.79	6537590
555.8	6542357
555.81	6547125
555.82	6551896
555.83	6556669
555.84	6561445
555.85	6566223
555.86	6571003
555.87	6575786
555.88	6580571
555.89	6585358
555.9	6590148
555.91	6594941
555.92	6599735
555.93	6604532
555.94	6609330
555.95	6614132
555.96	6618936
555.97	6623742
555.98	6628550
555.99	6633361
556	6638175
556.01	6642991
556.02	6647809
556.03	6652629
556.04	6657453
556.05	6662277
556.06	6667105
556.07	6671935
556.08	6676768
556.09	6681603
556.1	6686440
556.11	6691280
556.12	6696122
556.13	6700967
556.14	6705814
556.15	6710663
556.16	6715515
556.17	6720370
556.18	6725226
556.19	6730086
556.2	6734947
556.21	6739810
556.22	6744677
556.23	6749545
556.24	6754416
556.25	6759290
556.26	6764166
556.27	6769045
556.28	6773925
556.29	6778808
556.3	6783694
556.31	6788582
556.32	6793472
556.33	6798365
556.34	6803261
556.35	6808158
556.36	6813058
556.37	6817961
556.38	6822866
556.39	6827773
556.4	6832683
556.41	6837595
556.42	6842509
556.43	6847427
556.44	6852346
556.45	6857268
556.46	6862193
556.47	6867120
556.48	6872049
556.49	6876981
556.5	6881915
556.51	6886852
556.52	6891791
556.53	6896733
556.54	6901676
556.55	6906623
556.56	6911572
556.57	6916524
556.58	6921477
556.59	6926433
556.6	6931392
556.61	6936353
556.62	6941317
556.63	6946282
556.64	6951251
556.65	6956221
556.66	6961194
556.67	6966170
556.68	6971148
556.69	6976128
556.7	6981111
556.71	6986096
556.72	6991084
556.73	6996074
556.74	7001066
556.75	7006061
556.76	7011059
556.77	7016059
556.78	7021061
556.79	7026066
556.8	7031073
556.81	7036083
556.82	7041094
556.83	7046109
556.84	7051125
556.85	7056144
556.86	7061166
556.87	7066190
556.88	7071217
556.89	7076246
556.9	7081277
556.91	7086311
556.92	7091347
556.93	7096385
556.94	7101427
556.95	7106470
556.96	7111515
556.97	7116564
556.98	7121615
556.99	7126668
557	7131723
557.01	7136781
557.02	7141842
557.03	7146904
557.04	7151970
557.05	7157037
557.06	7162108
557.07	7167180
557.08	7172255
557.09	7177332
557.1	7182412
557.11	7187494
557.12	7192578
557.13	7197666
557.14	7202755
557.15	7207847
557.16	7212942
557.17	7218038
557.18	7223138
557.19	7228240
557.2	7233344
557.21	7238451
557.22	7243560
557.23	7248672
557.24	7253785
557.25	7258902
557.26	7264021
557.27	7269142
557.28	7274266
557.29	7279392
557.3	7284521
557.31	7289652
557.32	7294785
557.33	7299921
557.34	7305060
557.35	7310201
557.36	7315345
557.37	7320491
557.38	7325639
557.39	7330789
557.4	7335942
557.41	7341099
557.42	7346257
557.43	7351417
557.44	7356580
557.45	7361746
557.46	7366914
557.47	7372084
557.48	7377256
557.49	7382432
557.5	7387609
557.51	7392790
557.52	7397973
557.53	7403158
557.54	7408346
557.55	7413536
557.56	7418729
557.57	7423923
557.58	7429121
557.59	7434321
557.6	7439523
557.61	7444728
557.62	7449935
557.63	7455145
557.64	7460357
557.65	7465572
557.66	7470789
557.67	7476008
557.68	7481231
557.69	7486455
557.7	7491681
557.71	7496910
557.72	7502142
557.73	7507376
557.74	7512612
557.75	7517852
557.76	7523093
557.77	7528337
557.78	7533583
557.79	7538832
557.8	7544084
557.81	7549338
557.82	7554594
557.83	7559852
557.84	7565113
557.85	7570377
557.86	7575643
557.87	7580911
557.88	7586182
557.89	7591456
557.9	7596732
557.91	7602010
557.92	7607291
557.93	7612575
557.94	7617860
557.95	7623148
557.96	7628439
557.97	7633732
557.98	7639028
557.99	7644326
558	7649627
558.01	7654930
558.02	7660235
558.03	7665544
558.04	7670854
558.05	7676167
558.06	7681482
558.07	7686800
558.08	7692121
558.09	7697443
558.1	7702768
558.11	7708096
558.12	7713426
558.13	7718759
558.14	7724094
558.15	7729432
558.16	7734772
558.17	7740114
558.18	7745459
558.19	7750807
558.2	7756157
558.21	7761508
558.22	7766864
558.23	7772221
558.24	7777581
558.25	7782943
558.26	7788308
558.27	7793676
558.28	7799045
558.29	7804418
558.3	7809793
558.31	7815170
558.32	7820550
558.33	7825932
558.34	7831316
558.35	7836703
558.36	7842093
558.37	7847485
558.38	7852880
558.39	7858277
558.4	7863677
558.41	7869078
558.42	7874483
558.43	7879889
558.44	7885298
558.45	7890710
558.46	7896125
558.47	7901541
558.48	7906960
558.49	7912382
558.5	7917807
558.51	7923233
558.52	7928663
558.53	7934094
558.54	7939528
558.55	7944964
558.56	7950403
558.57	7955845
558.58	7961290
558.59	7966736
558.6	7972185
558.61	7977636
558.62	7983090
558.63	7988546
558.64	7994005
558.65	7999466
558.66	8004931
558.67	8010397
558.68	8015865
558.69	8021336
558.7	8026809
558.71	8032285
558.72	8037764
558.73	8043244
558.74	8048728
558.75	8054213
558.76	8059702
558.77	8065192
558.78	8070685
558.79	8076181
558.8	8081680
558.81	8087180
558.82	8092683
558.83	8098188
558.84	8103696
558.85	8109207
558.86	8114720
558.87	8120236
558.88	8125753
558.89	8131274
558.9	8136796
558.91	8142322
558.92	8147849
558.93	8153379
558.94	8158912
558.95	8164447
558.96	8169985
558.97	8175525
558.98	8181068
558.99	8186613
559	8192160
559.01	8197710
559.02	8203262
559.03	8208817
559.04	8214374
559.05	8219934
559.06	8225496
559.07	8231060
559.08	8236627
559.09	8242196
559.1	8247768
559.11	8253343
559.12	8258920
559.13	8264499
559.14	8270080
559.15	8275664
559.16	8281251
559.17	8286840
559.18	8292432
559.19	8298025
559.2	8303621
559.21	8309220
559.22	8314822
559.23	8320426
559.24	8326032
559.25	8331641
559.26	8337253
559.27	8342866
559.28	8348483
559.29	8354102
559.3	8359723
559.31	8365346
559.32	8370972
559.33	8376601
559.34	8382232
559.35	8387865
559.36	8393501
559.37	8399140
559.38	8404781
559.39	8410425
559.4	8416071
559.41	8421720
559.42	8427371
559.43	8433025
559.44	8438682
559.45	8444340
559.46	8450002
559.47	8455666
559.48	8461333
559.49	8467002
559.5	8472675
559.51	8478349
559.52	8484027
559.53	8489707
559.54	8495390
559.55	8501076
559.56	8506764
559.57	8512455
559.58	8518149
559.59	8523846
559.6	8529545
559.61	8535248
559.62	8540953
559.63	8546660
559.64	8552371
559.65	8558085
559.66	8563802
559.67	8569522
559.68	8575245
559.69	8580970
559.7	8586698
559.71	8592430
559.72	8598164
559.73	8603902
559.74	8609643
559.75	8615386
559.76	8621133
559.77	8626883
559.78	8632636
559.79	8638392
559.8	8644150
559.81	8649912
559.82	8655677
559.83	8661445
559.84	8667216
559.85	8672991
559.86	8678769
559.87	8684550
559.88	8690334
559.89	8696122
559.9	8701912
559.91	8707707
559.92	8713504
559.93	8719304
559.94	8725108
559.95	8730916
559.96	8736728
559.97	8742542
559.98	8748361
559.99	8754182
560	8760008
560.01	8765836
560.02	8771668
560.03	8777504
560.04	8783343
560.05	8789186
560.06	8795032
560.07	8800882
560.08	8806735
560.09	8812591
560.1	8818451
560.11	8824314
560.12	8830180
560.13	8836050
560.14	8841923
560.15	8847799
560.16	8853679
560.17	8859561
560.18	8865447
560.19	8871336
560.2	8877228
560.21	8883123
560.22	8889022
560.23	8894923
560.24	8900828
560.25	8906737
560.26	8912648
560.27	8918563
560.28	8924481
560.29	8930403
560.3	8936327
560.31	8942255
560.32	8948186
560.33	8954121
560.34	8960058
560.35	8966000
560.36	8971944
560.37	8977892
560.38	8983843
560.39	8989799
560.4	8995757
560.41	9001720
560.42	9007686
560.43	9013656
560.44	9019629
560.45	9025607
560.46	9031588
560.47	9037573
560.48	9043562
560.49	9049554
560.5	9055551
560.51	9061551
560.52	9067555
560.53	9073564
560.54	9079577
560.55	9085594
560.56	9091615
560.57	9097640
560.58	9103670
560.59	9109704
560.6	9115742
560.61	9121784
560.62	9127830
560.63	9133880
560.64	9139934
560.65	9145992
560.66	9152053
560.67	9158118
560.68	9164187
560.69	9170260
560.7	9176336
560.71	9182416
560.72	9188500
560.73	9194587
560.74	9200678
560.75	9206772
560.76	9212870
560.77	9218972
560.78	9225077
560.79	9231185
560.8	9237297
560.81	9243413
560.82	9249532
560.83	9255656
560.84	9261782
560.85	9267912
560.86	9274046
560.87	9280183
560.88	9286323
560.89	9292466
560.9	9298613
560.91	9304764
560.92	9310919
560.93	9317076
560.94	9323237
560.95	9329401
560.96	9335569
560.97	9341740
560.98	9347915
560.99	9354093
561	9360274
561.01	9366458
561.02	9372646
561.03	9378837
561.04	9385031
561.05	9391229
561.06	9397430
561.07	9403634
561.08	9409841
561.09	9416051
561.1	9422264
561.11	9428481
561.12	9434701
561.13	9440925
561.14	9447151
561.15	9453380
561.16	9459613
561.17	9465849
561.18	9472088
561.19	9478331
561.2	9484576
561.21	9490825
561.22	9497076
561.23	9503331
561.24	9509589
561.25	9515850
561.26	9522115
561.27	9528382
561.28	9534653
561.29	9540927
561.3	9547204
561.31	9553483
561.32	9559767
561.33	9566053
561.34	9572343
561.35	9578636
561.36	9584932
561.37	9591230
561.38	9597532
561.39	9603837
561.4	9610146
561.41	9616457
561.42	9622772
561.43	9629089
561.44	9635410
561.45	9641734
561.46	9648061
561.47	9654391
561.48	9660724
561.49	9667061
561.5	9673400
561.51	9679742
561.52	9686089
561.53	9692438
561.54	9698790
561.55	9705146
561.56	9711504
561.57	9717866
561.58	9724231
561.59	9730599
561.6	9736970
561.61	9743344
561.62	9749721
561.63	9756102
561.64	9762486
561.65	9768873
561.66	9775264
561.67	9781657
561.68	9788053
561.69	9794453
561.7	9800856
561.71	9807263
561.72	9813673
561.73	9820085
561.74	9826501
561.75	9832920
561.76	9839343
561.77	9845768
561.78	9852197
561.79	9858629
561.8	9865064
561.81	9871502
561.82	9877943
561.83	9884388
561.84	9890837
561.85	9897288
561.86	9903744
561.87	9910202
561.88	9916663
561.89	9923128
561.9	9929596
561.91	9936067
561.92	9942542
561.93	9949020
561.94	9955501
561.95	9961986
561.96	9968474
561.97	9974965
561.98	9981459
561.99	9987956
562	9994457
562.01	10000961
562.02	10007468
562.03	10013979
562.04	10020493
562.05	10027010
562.06	10033530
562.07	10040054
562.08	10046581
562.09	10053112
562.1	10059645
562.11	10066182
562.12	10072722
562.13	10079265
562.14	10085812
562.15	10092362
562.16	10098916
562.17	10105472
562.18	10112031
562.19	10118594
562.2	10125160
562.21	10131730
562.22	10138303
562.23	10144879
562.24	10151459
562.25	10158041
562.26	10164627
562.27	10171217
562.28	10177810
562.29	10184406
562.3	10191005
562.31	10197608
562.32	10204213
562.33	10210822
562.34	10217434
562.35	10224049
562.36	10230668
562.37	10237290
562.38	10243916
562.39	10250545
562.4	10257177
562.41	10263812
562.42	10270451
562.43	10277093
562.44	10283738
562.45	10290387
562.46	10297038
562.47	10303693
562.48	10310351
562.49	10317014
562.5	10323679
562.51	10330347
562.52	10337019
562.53	10343694
562.54	10350372
562.55	10357055
562.56	10363740
562.57	10370428
562.58	10377121
562.59	10383816
562.6	10390514
562.61	10397216
562.62	10403922
562.63	10410630
562.64	10417342
562.65	10424058
562.66	10430776
562.67	10437498
562.68	10444224
562.69	10450953
562.7	10457685
562.71	10464421
562.72	10471160
562.73	10477903
562.74	10484649
562.75	10491399
562.76	10498152
562.77	10504908
562.78	10511668
562.79	10518431
562.8	10525197
562.81	10531966
562.82	10538739
562.83	10545515
562.84	10552295
562.85	10559079
562.86	10565865
562.87	10572655
562.88	10579448
562.89	10586244
562.9	10593044
562.91	10599847
562.92	10606654
562.93	10613464
562.94	10620277
562.95	10627093
562.96	10633912
562.97	10640735
562.98	10647562
562.99	10654391
563	10661224
563.01	10668060
563.02	10674899
563.03	10681742
563.04	10688589
563.05	10695438
563.06	10702291
563.07	10709147
563.08	10716006
563.09	10722868
563.1	10729734
563.11	10736602
563.12	10743475
563.13	10750350
563.14	10757229
563.15	10764112
563.16	10770998
563.17	10777887
563.18	10784780
563.19	10791676
563.2	10798575
563.21	10805478
563.22	10812384
563.23	10819293
563.24	10826206
563.25	10833122
563.26	10840041
563.27	10846965
563.28	10853891
563.29	10860821
563.3	10867754
563.31	10874690
563.32	10881630
563.33	10888573
563.34	10895520
563.35	10902469
563.36	10909423
563.37	10916379
563.38	10923339
563.39	10930303
563.4	10937269
563.41	10944239
563.42	10951212
563.43	10958189
563.44	10965169
563.45	10972153
563.46	10979139
563.47	10986129
563.48	10993122
563.49	11000119
563.5	11007118
563.51	11014121
563.52	11021127
563.53	11028137
563.54	11035150
563.55	11042167
563.56	11049186
563.57	11056210
563.58	11063236
563.59	11070266
563.6	11077299
563.61	11084336
563.62	11091375
563.63	11098418
563.64	11105465
563.65	11112514
563.66	11119568
563.67	11126625
563.68	11133685
563.69	11140748
563.7	11147815
563.71	11154885
563.72	11161958
563.73	11169034
563.74	11176115
563.75	11183199
563.76	11190286
563.77	11197376
563.78	11204470
563.79	11211567
563.8	11218668
563.81	11225772
563.82	11232879
563.83	11239991
563.84	11247105
563.85	11254224
563.86	11261346
563.87	11268470
563.88	11275599
563.89	11282730
563.9	11289865
563.91	11297003
563.92	11304145
563.93	11311290
563.94	11318438
563.95	11325590
563.96	11332746
563.97	11339904
563.98	11347066
563.99	11354232
564	11361401
564.01	11368572
564.02	11375748
564.03	11382926
564.04	11390108
564.05	11397293
564.06	11404482
564.07	11411674
564.08	11418870
564.09	11426068
564.1	11433270
564.11	11440476
564.12	11447685
564.13	11454896
564.14	11462112
564.15	11469332
564.16	11476553
564.17	11483778
564.18	11491007
564.19	11498239
564.2	11505475
564.21	11512713
564.22	11519954
564.23	11527199
564.24	11534448
564.25	11541700
564.26	11548955
564.27	11556213
564.28	11563475
564.29	11570740
564.3	11578009
564.31	11585281
564.32	11592556
564.33	11599835
564.34	11607117
564.35	11614402
564.36	11621690
564.37	11628982
564.38	11636277
564.39	11643576
564.4	11650878
564.41	11658183
564.42	11665492
564.43	11672803
564.44	11680118
564.45	11687437
564.46	11694759
564.47	11702084
564.48	11709413
564.49	11716745
564.5	11724080
564.51	11731420
564.52	11738762
564.53	11746107
564.54	11753456
564.55	11760807
564.56	11768163
564.57	11775521
564.58	11782883
564.59	11790249
564.6	11797618
564.61	11804990
564.62	11812366
564.63	11819744
564.64	11827127
564.65	11834512
564.66	11841901
564.67	11849294
564.68	11856690
564.69	11864089
564.7	11871491
564.71	11878897
564.72	11886307
564.73	11893720
564.74	11901136
564.75	11908556
564.76	11915979
564.77	11923405
564.78	11930835
564.79	11938269
564.8	11945705
564.81	11953145
564.82	11960589
564.83	11968037
564.84	11975488
564.85	11982942
564.86	11990401
564.87	11997862
564.88	12005328
564.89	12012796
564.9	12020269
564.91	12027745
564.92	12035225
564.93	12042709
564.94	12050196
564.95	12057687
564.96	12065182
564.97	12072681
564.98	12080183
564.99	12087689
565	12095199
565.01	12102713
565.02	12110230
565.03	12117751
565.04	12125277
565.05	12132805
565.06	12140338
565.07	12147874
565.08	12155415
565.09	12162959
565.1	12170507
565.11	12178060
565.12	12185616
565.13	12193175
565.14	12200739
565.15	12208307
565.16	12215878
565.17	12223454
565.18	12231033
565.19	12238617
565.2	12246204
565.21	12253796
565.22	12261391
565.23	12268992
565.24	12276595
565.25	12284203
565.26	12291815
565.27	12299431
565.28	12307051
565.29	12314675
565.3	12322304
565.31	12329937
565.32	12337574
565.33	12345215
565.34	12352860
565.35	12360509
565.36	12368162
565.37	12375819
565.38	12383481
565.39	12391146
565.4	12398815
565.41	12406488
565.42	12414165
565.43	12421846
565.44	12429531
565.45	12437220
565.46	12444912
565.47	12452608
565.48	12460309
565.49	12468013
565.5	12475721
565.51	12483432
565.52	12491148
565.53	12498868
565.54	12506590
565.55	12514317
565.56	12522048
565.57	12529782
565.58	12537520
565.59	12545262
565.6	12553007
565.61	12560756
565.62	12568509
565.63	12576266
565.64	12584026
565.65	12591789
565.66	12599556
565.67	12607326
565.68	12615101
565.69	12622879
565.7	12630660
565.71	12638446
565.72	12646234
565.73	12654027
565.74	12661823
565.75	12669623
565.76	12677426
565.77	12685233
565.78	12693043
565.79	12700857
565.8	12708675
565.81	12716496
565.82	12724321
565.83	12732150
565.84	12739983
565.85	12747819
565.86	12755659
565.87	12763502
565.88	12771350
565.89	12779201
565.9	12787056
565.91	12794914
565.92	12802777
565.93	12810643
565.94	12818512
565.95	12826385
565.96	12834262
565.97	12842143
565.98	12850028
565.99	12857916
566	12865808
566.01	12873704
566.02	12881603
566.03	12889506
566.04	12897413
566.05	12905324
566.06	12913239
566.07	12921157
566.08	12929079
566.09	12937005
566.1	12944935
566.11	12952868
566.12	12960805
566.13	12968747
566.14	12976692
566.15	12984641
566.16	12992594
566.17	13000550
566.18	13008511
566.19	13016475
566.2	13024443
566.21	13032416
566.22	13040392
566.23	13048373
566.24	13056356
566.25	13064344
566.26	13072337
566.27	13080332
566.28	13088333
566.29	13096337
566.3	13104346
566.31	13112358
566.32	13120374
566.33	13128395
566.34	13136420
566.35	13144449
566.36	13152482
566.37	13160519
566.38	13168560
566.39	13176606
566.4	13184655
566.41	13192709
566.42	13200766
566.43	13208827
566.44	13216892
566.45	13224961
566.46	13233035
566.47	13241112
566.48	13249193
566.49	13257278
566.5	13265367
566.51	13273460
566.52	13281557
566.53	13289658
566.54	13297762
566.55	13305871
566.56	13313984
566.57	13322100
566.58	13330219
566.59	13338343
566.6	13346470
566.61	13354602
566.62	13362737
566.63	13370876
566.64	13379020
566.65	13387167
566.66	13395318
566.67	13403473
566.68	13411632
566.69	13419794
566.7	13427960
566.71	13436130
566.72	13444303
566.73	13452481
566.74	13460664
566.75	13468849
566.76	13477039
566.77	13485233
566.78	13493430
566.79	13501632
566.8	13509838
566.81	13518048
566.82	13526261
566.83	13534479
566.84	13542701
566.85	13550926
566.86	13559156
566.87	13567389
566.88	13575626
566.89	13583868
566.9	13592112
566.91	13600362
566.92	13608616
566.93	13616873
566.94	13625134
566.95	13633400
566.96	13641669
566.97	13649942
566.98	13658219
566.99	13666499
567	13674784
567.01	13683073
567.02	13691366
567.03	13699663
567.04	13707963
567.05	13716268
567.06	13724576
567.07	13732889
567.08	13741205
567.09	13749525
567.1	13757850
567.11	13766178
567.12	13774510
567.13	13782846
567.14	13791186
567.15	13799530
567.16	13807878
567.17	13816231
567.18	13824587
567.19	13832947
567.2	13841311
567.21	13849680
567.22	13858052
567.23	13866428
567.24	13874808
567.25	13883192
567.26	13891581
567.27	13899973
567.28	13908369
567.29	13916770
567.3	13925174
567.31	13933583
567.32	13941995
567.33	13950411
567.34	13958831
567.35	13967255
567.36	13975683
567.37	13984116
567.38	13992552
567.39	14000993
567.4	14009437
567.41	14017885
567.42	14026337
567.43	14034793
567.44	14043253
567.45	14051717
567.46	14060186
567.47	14068659
567.48	14077135
567.49	14085615
567.5	14094100
567.51	14102589
567.52	14111081
567.53	14119578
567.54	14128079
567.55	14136583
567.56	14145092
567.57	14153604
567.58	14162121
567.59	14170641
567.6	14179165
567.61	14187694
567.62	14196227
567.63	14204763
567.64	14213304
567.65	14221848
567.66	14230396
567.67	14238949
567.68	14247505
567.69	14256066
567.7	14264630
567.71	14273199
567.72	14281771
567.73	14290348
567.74	14298929
567.75	14307514
567.76	14316102
567.77	14324694
567.78	14333291
567.79	14341892
567.8	14350496
567.81	14359105
567.82	14367718
567.83	14376334
567.84	14384955
567.85	14393579
567.86	14402209
567.87	14410841
567.88	14419478
567.89	14428119
567.9	14436763
567.91	14445412
567.92	14454064
567.93	14462721
567.94	14471383
567.95	14480048
567.96	14488717
567.97	14497389
567.98	14506066
567.99	14514748
568	14523433
568.01	14532123
568.02	14540816
568.03	14549514
568.04	14558216
568.05	14566921
568.06	14575631
568.07	14584345
568.08	14593062
568.09	14601784
568.1	14610511
568.11	14619241
568.12	14627976
568.13	14636714
568.14	14645457
568.15	14654203
568.16	14662954
568.17	14671710
568.18	14680469
568.19	14689232
568.2	14698000
568.21	14706771
568.22	14715546
568.23	14724326
568.24	14733110
568.25	14741898
568.26	14750689
568.27	14759486
568.28	14768286
568.29	14777091
568.3	14785900
568.31	14794713
568.32	14803530
568.33	14812351
568.34	14821175
568.35	14830005
568.36	14838838
568.37	14847676
568.38	14856518
568.39	14865364
568.4	14874215
568.41	14883070
568.42	14891929
568.43	14900792
568.44	14909659
568.45	14918530
568.46	14927406
568.47	14936286
568.48	14945170
568.49	14954058
568.5	14962951
568.51	14971847
568.52	14980748
568.53	14989652
568.54	14998561
568.55	15007474
568.56	15016390
568.57	15025310
568.58	15034235
568.59	15043164
568.6	15052097
568.61	15061034
568.62	15069976
568.63	15078920
568.64	15087870
568.65	15096823
568.66	15105781
568.67	15114743
568.68	15123708
568.69	15132678
568.7	15141653
568.71	15150632
568.72	15159615
568.73	15168602
568.74	15177593
568.75	15186589
568.76	15195589
568.77	15204594
568.78	15213604
568.79	15222618
568.8	15231637
568.81	15240661
568.82	15249689
568.83	15258722
568.84	15267760
568.85	15276802
568.86	15285850
568.87	15294902
568.88	15303960
568.89	15313022
568.9	15322090
568.91	15331162
568.92	15340241
568.93	15349323
568.94	15358410
568.95	15367503
568.96	15376600
568.97	15385702
568.98	15394809
568.99	15403920
569	15413036
569.01	15422156
569.02	15431280
569.03	15440408
569.04	15449542
569.05	15458679
569.06	15467820
569.07	15476966
569.08	15486116
569.09	15495270
569.1	15504428
569.11	15513590
569.12	15522756
569.13	15531926
569.14	15541100
569.15	15550279
569.16	15559461
569.17	15568648
569.18	15577839
569.19	15587033
569.2	15596232
569.21	15605435
569.22	15614642
569.23	15623853
569.24	15633068
569.25	15642287
569.26	15651510
569.27	15660737
569.28	15669968
569.29	15679203
569.3	15688443
569.31	15697686
569.32	15706933
569.33	15716185
569.34	15725441
569.35	15734701
569.36	15743964
569.37	15753232
569.38	15762503
569.39	15771779
569.4	15781059
569.41	15790343
569.42	15799631
569.43	15808923
569.44	15818219
569.45	15827518
569.46	15836822
569.47	15846129
569.48	15855441
569.49	15864758
569.5	15874078
569.51	15883402
569.52	15892731
569.53	15902063
569.54	15911400
569.55	15920741
569.56	15930086
569.57	15939434
569.58	15948786
569.59	15958143
569.6	15967504
569.61	15976869
569.62	15986238
569.63	15995611
569.64	16004988
569.65	16014368
569.66	16023754
569.67	16033142
569.68	16042535
569.69	16051932
569.7	16061333
569.71	16070738
569.72	16080148
569.73	16089562
569.74	16098979
569.75	16108401
569.76	16117826
569.77	16127257
569.78	16136691
569.79	16146129
569.8	16155572
569.81	16165019
569.82	16174469
569.83	16183924
569.84	16193383
569.85	16202846
569.86	16212313
569.87	16221784
569.88	16231259
569.89	16240739
569.9	16250222
569.91	16259710
569.92	16269201
569.93	16278697
569.94	16288197
569.95	16297701
569.96	16307209
569.97	16316722
569.98	16326239
569.99	16335760
570	16345284
570.01	16354813
570.02	16364346
570.03	16373883
570.04	16383424
570.05	16392970
570.06	16402519
570.07	16412072
570.08	16421630
570.09	16431192
570.1	16440758
570.11	16450329
570.12	16459903
570.13	16469482
570.14	16479065
570.15	16488652
570.16	16498243
570.17	16507838
570.18	16517438
570.19	16527041
570.2	16536649
570.21	16546261
570.22	16555877
570.23	16565497
570.24	16575121
570.25	16584749
570.26	16594382
570.27	16604020
570.28	16613661
570.29	16623307
570.3	16632956
570.31	16642611
570.32	16652269
570.33	16661931
570.34	16671598
570.35	16681268
570.36	16690943
570.37	16700622
570.38	16710305
570.39	16719992
570.4	16729683
570.41	16739379
570.42	16749078
570.43	16758782
570.44	16768490
570.45	16778202
570.46	16787919
570.47	16797639
570.48	16807364
570.49	16817093
570.5	16826824
570.51	16836561
570.52	16846301
570.53	16856046
570.54	16865795
570.55	16875548
570.56	16885305
570.57	16895066
570.58	16904832
570.59	16914601
570.6	16924374
570.61	16934152
570.62	16943934
570.63	16953720
570.64	16963510
570.65	16973304
570.66	16983102
570.67	16992905
570.68	17002711
570.69	17012521
570.7	17022337
570.71	17032155
570.72	17041979
570.73	17051806
570.74	17061637
570.75	17071472
570.76	17081312
570.77	17091155
570.78	17101002
570.79	17110854
570.8	17120709
570.81	17130570
570.82	17140434
570.83	17150302
570.84	17160175
570.85	17170051
570.86	17179932
570.87	17189816
570.88	17199705
570.89	17209597
570.9	17219494
570.91	17229395
570.92	17239300
570.93	17249208
570.94	17259121
570.95	17269038
570.96	17278959
570.97	17288884
570.98	17298814
570.99	17308747
571	17318684
571.01	17328626
571.02	17338571
571.03	17348521
571.04	17358475
571.05	17368432
571.06	17378394
571.07	17388360
571.08	17398330
571.09	17408305
571.1	17418284
571.11	17428267
571.12	17438254
571.13	17448245
571.14	17458240
571.15	17468240
571.16	17478244
571.17	17488251
571.18	17498263
571.19	17508279
571.2	17518301
571.21	17528325
571.22	17538354
571.23	17548387
571.24	17558425
571.25	17568466
571.26	17578512
571.27	17588562
571.28	17598616
571.29	17608674
571.3	17618736
571.31	17628801
571.32	17638872
571.33	17648945
571.34	17659024
571.35	17669106
571.36	17679192
571.37	17689283
571.38	17699377
571.39	17709475
571.4	17719578
571.41	17729684
571.42	17739795
571.43	17749910
571.44	17760028
571.45	17770152
571.46	17780279
571.47	17790410
571.48	17800544
571.49	17810683
571.5	17820826
571.51	17830973
571.52	17841124
571.53	17851279
571.54	17861438
571.55	17871601
571.56	17881768
571.57	17891939
571.58	17902114
571.59	17912293
571.6	17922476
571.61	17932664
571.62	17942856
571.63	17953051
571.64	17963251
571.65	17973450
571.66	17983660
571.67	17993870
571.68	18004090
571.69	18014310
571.7	18024530
571.71	18034760
571.72	18044990
571.73	18055230
571.74	18065460
571.75	18075710
571.76	18085950
571.77	18096210
571.78	18106460
571.79	18116720
571.8	18126980
571.81	18137250
571.82	18147520
571.83	18157800
571.84	18168080
571.85	18178360
571.86	18188650
571.87	18198940
571.88	18209240
571.89	18219540
571.9	18229840
571.91	18240150
571.92	18250460
571.93	18260770
571.94	18271090
571.95	18281420
571.96	18291740
571.97	18302080
571.98	18312410
571.99	18322750
572	18333090
572.01	18343440
572.02	18353790
572.03	18364140
572.04	18374500
572.05	18384860
572.06	18395230
572.07	18405600
572.08	18415980
572.09	18426350
572.1	18436740
572.11	18447120
572.12	18457510
572.13	18467910
572.14	18478300
572.15	18488700
572.16	18499110
572.17	18509520
572.18	18519930
572.19	18530350
572.2	18540770
572.21	18551200
572.22	18561620
572.23	18572060
572.24	18582490
572.25	18592930
572.26	18603380
572.27	18613830
572.28	18624280
572.29	18634740
572.3	18645200
572.31	18655660
572.32	18666130
572.33	18676600
572.34	18687080
572.35	18697560
572.36	18708040
572.37	18718530
572.38	18729020
572.39	18739520
572.4	18750020
572.41	18760520
572.42	18771030
572.43	18781550
572.44	18792060
572.45	18802580
572.46	18813110
572.47	18823640
572.48	18834180
572.49	18844710
572.5	18855260
572.51	18865800
572.52	18876360
572.53	18886910
572.54	18897470
572.55	18908040
572.56	18918610
572.57	18929180
572.58	18939760
572.59	18950340
572.6	18960930
572.61	18971520
572.62	18982120
572.63	18992720
572.64	19003320
572.65	19013930
572.66	19024550
572.67	19035170
572.68	19045790
572.69	19056420
572.7	19067050
572.71	19077680
572.72	19088320
572.73	19098970
572.74	19109620
572.75	19120270
572.76	19130930
572.77	19141590
572.78	19152260
572.79	19162930
572.8	19173600
572.81	19184280
572.82	19194970
572.83	19205650
572.84	19216350
572.85	19227040
572.86	19237740
572.87	19248450
572.88	19259150
572.89	19269870
572.9	19280580
572.91	19291300
572.92	19302030
572.93	19312760
572.94	19323490
572.95	19334230
572.96	19344970
572.97	19355720
572.98	19366460
572.99	19377220
573	19387980
573.01	19398740
573.02	19409500
573.03	19420270
573.04	19431050
573.05	19441830
573.06	19452610
573.07	19463390
573.08	19474180
573.09	19484980
573.1	19495780
573.11	19506580
573.12	19517390
573.13	19528200
573.14	19539010
573.15	19549830
573.16	19560660
573.17	19571480
573.18	19582320
573.19	19593150
573.2	19603990
573.21	19614840
573.22	19625690
573.23	19636540
573.24	19647400
573.25	19658260
573.26	19669120
573.27	19679990
573.28	19690860
573.29	19701740
573.3	19712620
573.31	19723510
573.32	19734400
573.33	19745290
573.34	19756190
573.35	19767090
573.36	19778000
573.37	19788910
573.38	19799820
573.39	19810740
573.4	19821670
